22.6190
83.0810
30.1587
82.4092
34.5238
82.3139
37.1429
82.4198
38.4921
82.5712
38.7755
82.5665
38.9881
82.7360
39.4180
82.9287
39.5238
83.0424
39.8268
82.8845
40.2778
82.8653
40.4762
82.7965
40.4762
82.6980
40.6349
82.5512
40.9226
82.3058
41.3165
82.1430
41.4021
81.9912
41.4268
81.9246
41.4489
81.9553
41.4689
81.9776
41.8103
81.9985
41.9156
81.9384
41.9132
81.9292
42.0057
81.9151
42.0909
81.9130
42.0822
81.8847
42.1585
81.8873
42.1481
81.9293
42.2170
81.9579
42.2374
81.9474
42.4041
81.9452
42.6323
81.9425
42.9167
81.9032
43.1174
81.8359
43.1759
81.8075
43.2312
81.8146
43.3458
81.8051
43.3939
81.8339
43.3806
81.8502
43.3103
81.8532
43.1306
81.8952
43.1243
81.8876
43.1183
81.8725
43.2404
81.8585
43.2029
81.8735
43.3182
81.8501
43.2312
81.8434
43.1961
81.8498
43.2099
81.8383
43.3163
81.7791
43.2358
81.7208
43.1584
81.6692
43.1718
81.6186
43.2713
81.5718
43.3248
81.5268
43.3765
81.4816
43.4675
81.3928
43.5556
81.3233
43.6804
81.2760
43.8013
81.2133
43.8029
81.1458
43.8424
81.0907
43.8060
81.0488
43.7339
81.0347
43.7364
81.0524
43.6318
81.0776
43.4951
81.1079
43.5009
81.0977
43.4040
81.1129
43.3288
81.1229
43.1373
81.1474
43.0820
81.1704
43.0605
81.1802
42.8799
81.2128
42.8616
81.2258
42.8438
81.2552
42.8879
81.2739
42.9612
81.2953
42.9428
81.3373
42.9375
81.3621
42.9324
81.3863
42.9274
81.4064
42.9511
81.4156
42.9460
81.4254
42.9690
81.4226
43.0467
81.4196
43.0954
81.4132
43.2783
81.4184
43.3770
81.4595
43.4472
81.4693
43.5944
81.4719
43.6349
81.4841
43.6746
81.5114
43.7135
81.5367
43.6510
81.5487
43.5897
81.5797
43.5544
81.6225
43.5441
81.6731
43.5581
81.7217
43.5959
81.7472
43.6092
81.7812
43.5753
81.8060
43.6351
81.8318
43.7169
81.8582
43.7971
81.8761
43.8759
81.9015
43.9085
81.9166
43.9404
81.9398
43.9938
81.9643
44.0149
81.9716
43.9922
81.9640
43.9700
81.9549
43.9906
81.9431
44.0531
81.9222
44.0937
81.9094
44.0920
81.9163
44.0904
81.9150
44.1296
81.9196
44.1278
81.9139
44.1460
81.9239
44.1241
81.9210
44.1420
81.9077
44.1401
81.8910
44.1188
81.8842
44.0593
81.8691
43.9817
81.8658
43.9810
81.8649
44.0181
81.8632
44.0358
81.8770
44.0615
81.8656
44.0868
81.8748
44.1483
81.8822
44.1907
81.8852
44.1965
81.8947
44.2380
81.8976
44.2611
81.9082
44.3016
81.9077
44.3589
81.9059
44.3981
81.9140
44.4023
81.9292
44.3892
81.9456
44.3934
81.9572
44.3468
81.9744
44.3176
81.9906
44.2721
82.0031
44.2770
82.0001
44.2653
82.0063
44.2374
82.0205
44.2098
82.0446
44.1988
82.0657
44.2039
82.0853
44.2249
82.0937
44.2140
82.1034
44.2504
82.1014
44.2708
82.0977
44.3064
82.0951
44.3261
82.1075
44.3456
82.1258
44.3801
82.1386
44.4444
82.1440
44.4930
82.1554
44.5709
82.1637
44.5884
82.1792
44.6500
82.1941
44.7109
82.2010
44.7565
82.2043
44.7805
82.2040
44.8186
82.2083
44.8276
82.2094
44.8507
82.2094
44.8878
82.2071
44.9527
82.1929
45.0028
82.1768
45.0244
82.1731
45.0597
82.1737
45.0669
82.1818
45.0604
82.1791
45.1358
82.1796
45.1425
82.1827
45.1356
82.1916
45.1691
82.1970
45.2155
82.2004
45.2748
82.1996
45.3597
82.1997
45.4175
82.2039
45.4747
82.2061
45.5313
82.1948
45.5744
82.1975
45.5656
82.2029
45.5568
82.2032
45.5482
82.2135
45.5270
82.2294
45.5312
82.2379
45.5229
82.2464
45.5395
82.2537
45.5560
82.2625
45.5723
82.2708
45.5761
82.2817
45.5866
82.2908
45.5970
82.3016
45.6193
82.3143
45.6415
82.3255
45.6634
82.3332
45.6850
82.3433
45.7302
82.3535
45.7631
82.3596
45.8074
82.3718
45.8513
82.3841
45.8948
82.3951
45.9378
82.4046
45.9689
82.4111
45.9769
82.4198
46.0075
82.4257
46.0492
82.4216
46.0566
82.4239
46.0752
82.4251
46.1048
82.4333
46.1230
82.4381
46.1521
82.4408
46.1920
82.4472
46.2315
82.4515
46.2706
82.4539
46.2985
82.4549
46.3045
82.4585
46.3105
82.4653
46.3056
82.4792
46.3115
82.4951
46.3174
82.5172
46.3182
82.5360
46.3507
82.5432
46.3724
82.5515
46.3939
82.5572
46.4048
82.5693
46.4260
82.5808
46.4470
82.5936
46.4575
82.6067
46.4679
82.6255
46.4885
82.6396
46.5088
82.6551
46.5290
82.6631
46.5490
82.6749
46.5488
82.6876
46.5486
82.7002
46.5683
82.7115
46.5779
82.7268
46.5927
82.7456
46.5976
82.7621
46.6024
82.7782
46.5878
82.7940
46.6023
82.8091
46.5975
82.8259
46.5926
82.8397
46.5974
82.8536
46.5831
82.8668
46.5690
82.8816
46.5738
82.8914
46.5648
82.9034
46.5746
82.9116
46.5750
82.9285
46.5939
82.9343
46.6034
82.9407
46.5853
82.9482
46.5673
82.9571
46.5495
82.9605
46.5500
82.9661
46.5192
82.9674
46.5246
82.9738
46.5389
82.9826
46.5490
82.9901
46.5548
82.9910
46.5606
82.9935
46.5575
82.9977
46.5720
82.9975
46.5863
82.9973
46.6093
82.9926
46.6234
82.9960
46.6374
83.0015
46.6512
83.0049
46.6393
83.0137
46.6360
83.0157
46.6327
83.0188
46.6379
83.0232
46.6515
83.0251
46.6566
83.0310
46.6867
83.0301
46.7165
83.0308
46.7462
83.0305
46.7590
83.0364
46.7472
83.0424
46.7436
83.0510
46.7400
83.0604
46.7365
83.0637
46.7249
83.0684
46.7053
83.0709
46.6939
83.0733
46.6587
83.0834
46.6555
83.0958
46.6524
83.1077
46.6493
83.1199
46.6499
83.1292
46.6583
83.1348
46.6432
83.1396
46.6438
83.1431
46.6522
83.1466
46.6528
83.1474
46.6379
83.1488
46.6232
83.1470
46.5933
83.1491
46.5635
83.1472
46.5376
83.1460
46.5269
83.1451
46.5164
83.1395
46.5134
83.1336
46.5104
83.1240
46.5224
83.1169
46.5343
83.1133
46.5387
83.1122
46.5283
83.1131
46.5219
83.1094
46.5156
83.1012
46.5019
83.0937
46.4884
83.0834
46.5040
83.0673
46.5051
83.0518
46.4845
83.0459
46.4712
83.0388
46.4652
83.0343
46.4592
83.0324
46.4461
83.0327
46.4331
83.0273
46.4202
83.0257
46.4145
83.0184
46.4088
83.0130
46.4101
83.0080
46.4114
82.9973
46.4196
82.9869
46.4140
82.9843
46.4051
82.9814
46.3964
82.9843
46.3945
82.9826
46.3927
82.9862
46.4045
82.9811
46.4026
82.9764
46.3940
82.9720
46.3922
82.9639
46.3971
82.9576
46.3886
82.9517
46.3935
82.9470
46.3917
82.9436
46.3965
82.9382
46.4014
82.9349
46.3864
82.9299
46.3649
82.9273
46.3698
82.9232
46.3877
82.9175
46.4055
82.9139
46.4297
82.9144
46.4473
82.9174
46.4648
82.9181
46.4886
82.9172
46.5058
82.9154
46.5293
82.9104
46.5527
82.8991
46.5760
82.8888
46.5674
82.8863
46.5778
82.8818
46.5881
82.8835
46.6110
82.8819
46.6525
82.8728
46.6750
82.8694
46.6725
82.8687
46.6762
82.8647
46.6922
82.8605
46.7020
82.8567
46.7118
82.8560
46.7092
82.8508
46.7095
82.8478
46.7159
82.8463
46.7100
82.8421
46.7225
82.8346
46.7348
82.8293
46.7471
82.8213
46.7653
82.8108
46.7834
82.7984
46.7954
82.7874
46.8014
82.7788
46.7955
82.7747
46.7955
82.7721
46.7896
82.7730
46.7779
82.7736
46.7721
82.7745
46.7605
82.7754
46.7548
82.7728
46.7433
82.7687
46.7376
82.7624
46.7262
82.7560
46.7149
82.7504
46.6920
82.7446
46.6751
82.7435
46.6640
82.7398
46.6644
82.7318
46.6419
82.7251
46.6139
82.7200
46.6061
82.7092
46.6040
82.6986
46.6019
82.6889
46.5942
82.6835
46.5866
82.6787
46.5789
82.6764
46.5658
82.6754
46.5527
82.6724
46.5285
82.6691
46.5156
82.6648
46.5083
82.6576
46.5010
82.6482
46.5047
82.6409
46.5030
82.6402
46.5012
82.6379
46.4940
82.6384
46.4977
82.6354
46.4960
82.6338
46.4943
82.6327
46.5033
82.6267
46.5124
82.6199
46.4999
82.6138
46.4714
82.6097
46.4644
82.6069
46.4522
82.6066
46.4400
82.6079
46.4278
82.6099
46.4210
82.6079
46.4354
82.6048
46.4549
82.5981
46.4795
82.5927
46.4988
82.5893
46.5181
82.5806
46.5372
82.5766
46.5458
82.5764
46.5596
82.5776
46.5785
82.5755
46.6024
82.5696
46.6262
82.5583
46.6448
82.5510
46.6684
82.5446
46.6816
82.5368
46.6898
82.5293
46.7029
82.5240
46.7008
82.5190
46.6987
82.5136
46.6966
82.5086
46.6995
82.4989
46.7025
82.4913
46.7204
82.4788
46.7283
82.4667
46.7311
82.4564
46.7389
82.4495
46.7467
82.4443
46.7544
82.4406
46.7670
82.4353
46.7747
82.4273
46.7823
82.4167
46.7898
82.4024
46.7876
82.3882
46.7828
82.3775
46.7974
82.3670
46.8072
82.3598
46.8169
82.3516
46.8265
82.3431
46.8361
82.3358
46.8361
82.3289
46.8264
82.3229
46.8120
82.3170
46.8024
82.3131
46.8072
82.3084
46.8120
82.3053
46.8167
82.2982
46.8119
82.2973
46.8119
82.2985
46.8119
82.2997
46.8213
82.2996
46.8260
82.3002
46.8260
82.3021
46.8399
82.3015
46.8539
82.2999
46.8677
82.2946
46.8815
82.2933
46.9045
82.2917
46.9321
82.2906
46.9641
82.2878
46.9868
82.2907
47.0094
82.2947
47.0410
82.2948
47.0634
82.2972
47.0857
82.2989
47.0987
82.3015
47.1163
82.3060
47.1293
82.3111
47.1421
82.3162
47.1552
82.3226
47.1659
82.3276
47.1855
82.3322
47.2005
82.3351
47.2200
82.3377
47.2393
82.3398
47.2631
82.3367
47.2867
82.3345
47.3103
82.3324
47.3314
82.3297
47.3568
82.3257
47.3821
82.3231
47.4029
82.3199
47.4281
82.3175
47.4443
82.3133
47.4649
82.3107
47.4810
82.3083
47.4971
82.3058
47.5130
82.3020
47.5246
82.3025
47.5362
82.3018
47.5520
82.3008
47.5720
82.2987
47.5920
82.2979
47.6098
82.2931
47.6190
82.2908
47.6282
82.2891
47.6373
82.2874
47.6485
82.2828
47.6595
82.2801
47.6663
82.2779
47.6731
82.2731
47.6883
82.2667
47.6992
82.2618
47.7058
82.2583
47.7041
82.2542
47.7233
82.2465
47.7382
82.2400
47.7447
82.2330
47.7429
82.2297
47.7411
82.2259
47.7393
82.2227
47.7499
82.2165
47.7605
82.2100
47.7627
82.2013
47.7568
82.1942
47.7673
82.1838
47.7736
82.1759
47.7800
82.1693
47.7781
82.1657
47.7762
82.1605
47.7662
82.1543
47.7482
82.1462
47.7261
82.1371
47.6960
82.1295
47.6741
82.1225
47.6563
82.1114
47.6526
82.0990
47.6449
82.0882
47.6372
82.0776
47.6415
82.0663
47.6398
82.0559
47.6460
82.0486
47.6363
82.0437
47.6346
82.0382
47.6328
82.0320
47.6390
82.0221
47.6373
82.0130
47.6316
82.0046
47.6299
81.9944
47.6322
81.9865
47.6383
81.9771
47.6444
81.9663
47.6584
81.9525
47.6683
81.9430
47.6744
81.9314
47.6609
81.9229
47.6592
81.9130
47.6730
81.9002
47.6790
81.8866
47.6811
81.8732
47.6947
81.8600
47.7007
81.8460
47.7104
81.8321
47.7124
81.8185
47.7145
81.8065
47.7165
81.7944
47.7185
81.7801
47.7091
81.7704
47.6730
81.7656
47.6447
81.7599
47.6241
81.7525
47.6035
81.7409
47.5604
81.7345
47.5249
81.7242
47.5084
81.7128
47.4844
81.7043
47.4605
81.6959
47.4404
81.6860
47.4241
81.6760
47.4042
81.6669
47.3880
81.6586
47.3719
81.6503
47.3485
81.6413
47.3251
81.6308
47.2980
81.6223
47.2748
81.6127
47.2553
81.6024
47.2249
81.5934
47.2129
81.5846
47.1937
81.5760
47.1781
81.5698
47.1516
81.5652
47.1472
81.5584
47.1355
81.5520
47.1130
81.5464
47.0762
81.5429
47.0503
81.5397
47.0317
81.5357
47.0133
81.5328
46.9876
81.5318
46.9530
81.5295
46.9148
81.5276
46.8804
81.5260
46.8532
81.5214
46.8190
81.5187
46.7778
81.5164
46.7366
81.5142
46.7028
81.5117
46.6690
81.5081
46.6318
81.5041
46.5825
81.5022
46.5439
81.4977
46.5019
81.4948
46.4617
81.4910
46.4130
81.4873
46.3644
81.4817
46.3159
81.4791
46.2852
81.4744
46.2546
81.4706
46.2065
81.4719
46.1691
81.4705
46.1284
81.4657
46.1017
81.4587
46.0785
81.4522
46.0555
81.4456
46.0290
81.4394
46.0026
81.4338
45.9729
81.4313
45.9536
81.4286
45.9240
81.4276
45.9046
81.4264
45.8886
81.4243
45.8795
81.4210
45.8637
81.4191
45.8512
81.4166
45.8389
81.4136
45.8231
81.4106
45.8176
81.4070
45.8020
81.4056
45.7762
81.4055
45.7640
81.4022
45.7485
81.3995
45.7331
81.3967
45.7210
81.3947
45.7023
81.3935
45.6870
81.3920
45.6817
81.3895
45.6732
81.3861
45.6613
81.3828
45.6528
81.3801
45.6377
81.3768
45.6160
81.3770
45.5910
81.3783
45.5594
81.3792
45.5445
81.3778
45.5330
81.3764
45.5248
81.3754
45.5133
81.3748
45.5117
81.3727
45.4955
81.3691
45.4856
81.3649
45.4757
81.3618
45.4691
81.3567
45.4691
81.3524
45.4560
81.3490
45.4560
81.3437
45.4528
81.3414
45.4495
81.3375
45.4543
81.3332
45.4525
81.3281
45.4490
81.3236
45.4519
81.3179
45.4419
81.3142
45.4384
81.3109
45.4414
81.3072
45.4411
81.3045
45.4376
81.3014
45.4310
81.2985
45.4307
81.2957
45.4258
81.2932
45.4255
81.2907
45.4253
81.2903
45.4250
81.2900
45.4184
81.2893
45.4087
81.2883
45.3926
81.2883
45.3734
81.2899
45.3511
81.2888
45.3446
81.2885
45.3508
81.2851
45.3475
81.2828
45.3410
81.2819
45.3346
81.2799
45.3220
81.2796
45.3156
81.2791
45.2998
81.2795
45.2841
81.2782
45.2622
81.2781
45.2512
81.2760
45.2463
81.2750
45.2322
81.2753
45.2119
81.2747
45.1947
81.2743
45.1838
81.2747
45.1760
81.2754
45.1651
81.2751
45.1604
81.2735
45.1619
81.2706
45.1603
81.2687
45.1618
81.2661
45.1571
81.2640
45.1464
81.2603
45.1295
81.2593
45.1218
81.2584
45.1173
81.2582
45.1035
81.2587
45.0929
81.2581
45.0884
81.2565
45.0717
81.2566
45.0611
81.2567
45.0523
81.2579
45.0465
81.2577
45.0286
81.2600
45.0137
81.2604
44.9973
81.2633
44.9929
81.2633
44.9735
81.2630
44.9692
81.2639
44.9679
81.2658
44.9666
81.2654
44.9593
81.2642
44.9520
81.2650
44.9418
81.2651
44.9405
81.2643
44.9333
81.2628
44.9320
81.2603
44.9308
81.2602
44.9355
81.2557
44.9342
81.2494
44.9257
81.2470
44.9172
81.2467
44.9058
81.2462
44.8944
81.2446
44.8830
81.2403
44.8747
81.2373
44.8722
81.2358
44.8726
81.2344
44.8789
81.2333
44.8823
81.2361
44.8814
81.2382
44.8689
81.2423
44.8651
81.2443
44.8613
81.2464
44.8605
81.2475
44.8509
81.2498
44.8530
81.2512
44.8580
81.2500
44.8542
81.2506
44.8592
81.2507
44.8526
81.2485
44.8460
81.2484
44.8423
81.2503
44.8415
81.2507
44.8292
81.2491
44.8198
81.2483
44.8133
81.2488
44.8039
81.2484
44.7888
81.2516
44.7738
81.2546
44.7573
81.2569
44.7407
81.2596
44.7129
81.2625
44.6993
81.2668
44.6801
81.2704
44.6609
81.2739
44.6446
81.2782
44.6368
81.2833
44.6319
81.2884
44.6241
81.2930
44.6107
81.2954
44.6030
81.3001
44.5954
81.3031
44.5836
81.3044
44.5719
81.3090
44.5575
81.3152
44.5346
81.3205
44.5118
81.3273
44.4919
81.3336
44.4748
81.3394
44.4605
81.3445
44.4407
81.3488
44.4210
81.3521
44.4068
81.3558
44.3955
81.3592
44.3869
81.3631
44.3618
81.3639
44.3478
81.3651
44.3366
81.3675
44.3281
81.3705
44.3114
81.3723
44.3030
81.3737
44.2974
81.3759
44.2863
81.3803
44.2670
81.3834
44.2505
81.3873
44.2368
81.3903
44.2340
81.3926
44.2230
81.3966
44.2175
81.3981
44.2093
81.4002
44.2027
81.4024
44.1879
81.4030
44.1785
81.4025
44.1747
81.4032
44.1789
81.4042
44.1750
81.4018
44.1603
81.4002
44.1484
81.3980
44.1392
81.3945
44.1288
81.3936
44.1265
81.3933
44.1296
81.3925
44.1299
81.3918
44.1223
81.3924
44.1200
81.3934
44.1151
81.3933
44.1063
81.3949
44.1108
81.3959
44.1101
81.3965
44.1043
81.3980
44.1065
81.3998
44.1007
81.4007
44.0924
81.3993
44.0919
81.3954
44.0915
81.3917
44.0858
81.3872
44.0775
81.3867
44.0692
81.3884
44.0662
81.3886
44.0541
81.3896
44.0526
81.3883
44.0537
81.3881
44.0547
81.3881
44.0480
81.3900
44.0465
81.3911
44.0424
81.3904
44.0356
81.3905
44.0264
81.3896
44.0119
81.3912
44.0027
81.3908
43.9987
81.3897
43.9972
81.3893
43.9880
81.3890
43.9918
81.3869
43.9903
81.3835
43.9812
81.3838
43.9798
81.3806
43.9707
81.3804
43.9718
81.3777
43.9679
81.3751
43.9588
81.3757
43.9498
81.3759
43.9485
81.3753
43.9496
81.3751
43.9457
81.3754
43.9469
81.3763
43.9456
81.3778
43.9468
81.3782
43.9479
81.3799
43.9516
81.3820
43.9514
81.3840
43.9587
81.3856
43.9635
81.3876
43.9557
81.3899
43.9579
81.3927
43.9552
81.3977
43.9524
81.4024
43.9522
81.4077
43.9495
81.4125
43.9506
81.4183
43.9518
81.4247
43.9504
81.4303
43.9466
81.4376
43.9354
81.4450
43.9291
81.4522
43.9204
81.4593
43.9166
81.4657
43.9079
81.4720
43.9017
81.4770
43.8931
81.4822
43.8894
81.4871
43.8807
81.4924
43.8721
81.4977
43.8685
81.5031
43.8599
81.5086
43.8587
81.5127
43.8526
81.5189
43.8465
81.5229
43.8405
81.5267
43.8491
81.5296
43.8503
81.5341
43.8467
81.5394
43.8407
81.5439
43.8443
81.5460
43.8432
81.5490
43.8348
81.5533
43.8312
81.5583
43.8324
81.5624
43.8265
81.5644
43.8253
81.5676
43.8218
81.5718
43.8183
81.5734
43.8291
81.5751
43.8352
81.5756
43.8436
81.5768
43.8329
81.5802
43.8246
81.5835
43.8187
81.5879
43.8223
81.5935
43.8236
81.6004
43.8296
81.6066
43.8356
81.6123
43.8297
81.6183
43.8167
81.6253
43.8109
81.6310
43.7980
81.6376
43.7945
81.6456
43.7934
81.6515
43.7829
81.6561
43.7725
81.6604
43.7667
81.6635
43.7516
81.6685
43.7459
81.6747
43.7308
81.6793
43.7158
81.6847
43.7055
81.6897
43.6929
81.6932
43.6896
81.6942
43.6840
81.6959
43.6714
81.6990
43.6705
81.7022
43.6696
81.7036
43.6640
81.7072
43.6539
81.7100
43.6437
81.7134
43.6359
81.7141
43.6304
81.7148
43.6318
81.7156
43.6287
81.7185
43.6209
81.7189
43.6063
81.7211
43.5848
81.7256
43.5680
81.7296
43.5557
81.7358
43.5458
81.7415
43.5359
81.7483
43.5215
81.7541
43.5025
81.7598
43.4813
81.7653
43.4647
81.7707
43.4550
81.7765
43.4384
81.7818
43.4164
81.7868
43.3967
81.7915
43.3861
81.7963
43.3755
81.8003
43.3559
81.8055
43.3387
81.8110
43.3192
81.8163
43.3007
81.8205
43.2800
81.8238
43.2594
81.8283
43.2388
81.8315
43.2182
81.8355
43.1999
81.8371
43.1884
81.8412
43.1858
81.8446
43.1721
81.8465
43.1651
81.8502
43.1559
81.8540
43.1511
81.8576
43.1441
81.8611
43.1372
81.8657
43.1324
81.8711
43.1255
81.8754
43.1142
81.8790
43.0997
81.8822
43.0875
81.8860
43.0819
81.8914
43.0763
81.8963
43.0664
81.9005
43.0542
81.9039
43.0465
81.9079
43.0300
81.9109
43.0245
81.9108
43.0169
81.9141
43.0070
81.9164
43.0037
81.9196
43.0005
81.9206
42.9898
81.9215
42.9825
81.9220
42.9730
81.9230
42.9636
81.9250
42.9456
81.9271
42.9362
81.9305
42.9290
81.9334
42.9240
81.9376
42.9169
81.9410
42.9054
81.9435
42.8940
81.9463
42.8826
81.9506
42.8648
81.9546
42.8556
81.9569
42.8315
81.9590
42.8159
81.9641
42.8004
81.9685
42.7807
81.9735
42.7631
81.9791
42.7456
81.9835
42.7323
81.9864
42.7255
81.9899
42.7144
81.9931
42.7034
81.9981
42.6796
82.0014
42.6539
82.0039
42.6408
82.0061
42.6194
82.0077
42.6064
82.0100
42.5892
82.0127
42.5426
82.0127
