0.0000
nan
-5.5556
85.9750
-8.3333
84.0137
0.0000
83.3372
5.5556
82.9258
7.1429
81.9825
6.2500
80.9637
5.4545
80.4100
3.2258
80.1137
2.8986
79.8425
2.6316
79.7146
1.2048
79.7262
0.0000
79.6861
1.0309
79.7647
1.9231
79.9388
1.8018
80.3879
3.3898
80.7953
4.8000
81.0638
6.8182
81.0254
8.6331
80.8157
9.5890
80.7910
10.4575
80.5230
10.0000
80.2594
11.3772
80.0949
12.6437
79.9679
13.8122
80.0282
15.9574
79.7951
17.9487
79.5639
19.8020
79.3301
21.5311
79.1865
22.6852
79.1543
24.2152
79.1168
25.6522
79.0574
26.5823
79.0414
27.0492
79.1341
28.2869
79.1731
29.0698
79.3039
29.8113
79.4282
29.7794
79.5347
30.0000
79.5866
30.2083
79.7357
30.4054
79.8992
30.2632
80.0559
30.4487
80.1052
30.9375
80.1272
31.0976
80.1329
30.6548
80.1927
30.8140
80.2134
30.9659
80.3078
30.8333
80.4433
30.9783
80.5364
30.8511
80.6338
31.2500
80.6905
32.1429
80.7204
32.7500
80.7430
33.3333
80.8569
33.8942
80.9560
34.1981
81.0788
34.4907
81.1713
35.0797
81.2620
35.3468
81.3350
35.6044
81.4264
35.8531
81.5469
36.0934
81.5643
36.5344
81.6691
36.9610
81.7635
37.5758
81.8674
37.9722
81.9737
38.3562
82.0881
38.9210
82.2213
39.4687
82.3827
40.0000
82.4968
40.5157
82.6244
41.0163
82.7357
41.6816
82.8430
42.3280
82.9250
42.9565
82.9813
43.2247
83.0468
43.4856
83.0868
43.8127
83.1302
43.9669
83.2238
44.2810
83.3147
44.5880
83.3886
44.8882
83.4617
45.0237
83.5440
45.4688
83.6199
45.5951
83.6963
45.8716
83.7912
46.1422
83.8601
46.4072
83.9172
46.5185
83.9688
46.1877
84.0041
45.8636
84.0178
45.9770
84.0390
45.8037
84.0570
45.4930
84.0594
45.4672
84.0575
45.3039
84.0621
45.5540
84.0570
45.7995
84.0544
46.0403
84.0298
46.2766
84.0071
46.2451
84.0425
46.0836
84.0914
45.9250
84.1404
46.0256
84.1891
45.9975
84.2313
45.9698
84.2657
45.9426
84.2914
45.7921
84.3310
45.7669
84.3702
45.7421
84.3981
45.7177
84.4301
45.6938
84.4753
45.6702
84.5095
45.6471
84.5331
45.5076
84.5235
45.3704
84.5520
45.1206
84.5901
45.1025
84.6172
45.0847
84.6491
44.9552
84.6905
44.6051
84.7215
44.3709
84.7448
44.0307
84.7501
43.6957
84.7672
43.2578
84.7976
43.0407
84.8283
42.7205
84.8133
42.4051
84.8372
42.4084
84.8581
42.4116
84.8838
42.3117
84.9071
42.1699
84.8959
42.0305
84.9174
41.9940
84.9391
41.9580
84.9363
42.2200
84.8966
42.3795
84.8805
42.3415
84.8942
42.4008
84.9091
42.5552
84.9149
42.6667
84.9092
42.6415
84.9039
42.6168
84.9471
42.5000
85.0001
42.3853
85.0439
42.2727
85.0767
42.2523
85.1233
42.1429
85.1567
42.1239
85.1981
42.2807
85.1860
42.4348
85.1485
42.2414
85.1449
41.9658
85.1470
41.7797
85.1511
41.6807
85.1587
41.7500
85.1500
41.6529
85.1569
41.2295
85.1650
41.1382
85.1589
41.1290
85.1371
41.0400
85.1213
41.0317
85.0860
40.5512
85.0456
40.0781
85.0355
39.9225
85.0271
39.9231
85.0248
40.0000
84.9946
40.0758
84.9663
40.2256
84.9301
40.1493
84.8901
40.0000
84.8317
39.8529
84.8041
39.9270
84.7696
39.9275
84.7325
39.8561
84.7236
39.8571
84.7086
39.7163
84.6953
39.4089
84.6668
39.2458
84.6456
39.2238
84.6140
39.3398
84.5659
39.3857
84.5220
39.5396
84.4486
39.6911
84.3698
39.9734
84.2546
40.1851
84.1228
40.1967
84.0100
40.2082
83.9704
40.2841
83.9182
40.2306
83.8834
40.2416
83.8208
40.1262
83.7753
39.9499
83.7333
39.7763
83.6884
39.7286
83.6375
39.6816
83.5849
39.5745
83.5594
39.4928
83.5242
39.4721
83.5088
39.4517
83.5228
39.3724
83.5278
39.2941
83.5295
39.3107
83.4977
39.2111
83.4597
39.0553
83.4249
39.0732
83.4068
39.2614
83.3632
39.4470
83.3651
39.6300
83.3566
39.6216
83.3294
39.5580
83.3250
39.7148
83.3498
39.8148
83.3585
40.0216
83.3661
40.2256
83.3797
40.4800
83.3666
40.5720
83.3718
40.5263
83.3964
40.4600
83.4132
40.3946
83.4325
40.5364
83.4428
40.7787
83.4540
41.0178
83.4371
41.1527
83.4441
41.3360
83.4244
41.5170
83.4240
41.5469
83.4350
41.5764
83.4433
41.7523
83.4471
42.0233
83.4407
42.2426
83.4528
42.5072
83.4500
42.6730
83.4541
42.7894
83.4663
42.9986
83.4611
43.2052
83.4361
43.3163
83.4255
43.3333
83.4237
43.3962
83.3798
43.5499
83.3395
43.6562
83.2868
43.8065
83.2454
43.9101
83.1931
43.9678
83.1836
44.0693
83.1967
44.2580
83.1932
44.4005
83.1822
44.4105
83.1829
44.5072
83.1556
44.5596
83.1471
44.6114
83.1288
44.7054
83.1085
44.8832
83.0782
45.0591
83.0532
45.1911
83.0583
45.3634
83.0624
45.4508
83.0618
45.5372
83.0280
45.6227
83.0203
45.6664
83.0192
45.6283
83.0146
45.5906
83.0216
45.5131
83.0261
45.3963
83.0165
45.3604
82.9958
45.4041
82.9697
45.3685
82.9556
45.3725
82.9485
45.4155
82.9608
45.3804
82.9742
45.3071
82.9904
45.2729
83.0029
45.2008
83.0126
45.1294
83.0052
45.1344
82.9963
45.1394
82.9848
45.0694
82.9861
45.0746
82.9687
45.0798
82.9423
45.0850
82.9200
45.0901
82.9012
45.0952
82.8858
45.1002
82.8687
45.1051
82.8472
45.1462
82.8303
45.0790
82.8309
45.0125
82.8346
44.9626
82.8438
44.8423
82.8315
44.7935
82.8062
44.6397
82.7832
44.4522
82.7801
44.3360
82.7782
44.2208
82.7563
44.0719
82.7541
43.8898
82.7446
43.7779
82.7194
43.7351
82.7100
43.5906
82.6959
43.4473
82.6836
43.3390
82.6723
43.2650
82.6637
43.1917
82.6453
43.1190
82.6312
43.0468
82.6443
42.9752
82.6678
42.8713
82.6811
42.7681
82.6894
42.6658
82.6972
42.5968
82.6910
42.5284
82.6834
42.4927
82.6607
42.5217
82.6303
42.4864
82.6130
42.4832
82.5764
42.5119
82.5544
42.5404
82.5419
42.4740
82.5385
42.4080
82.5230
42.4053
82.5007
42.3713
82.4785
42.3065
82.4643
42.2731
82.4527
42.2709
82.4359
42.2379
82.4184
42.1133
82.4257
42.0201
82.4233
41.9276
82.4144
41.8055
82.3981
41.5937
82.3867
41.4436
82.3595
41.3845
82.3349
41.3855
82.3120
41.4460
82.2964
41.5184
82.2730
41.4721
82.2520
41.3671
82.2393
41.2922
82.2293
41.2178
82.2152
41.1730
82.2171
41.0704
82.2051
40.9104
82.2064
40.8671
82.1989
40.8816
82.1934
40.8673
82.1833
40.7959
82.1849
40.7534
82.1836
40.7112
82.1847
40.6410
82.1903
40.5994
82.2018
40.6144
82.2115
40.6013
82.2221
40.6162
82.2273
40.6032
82.2428
40.5902
82.2549
40.5773
82.2681
40.5645
82.2738
40.4854
82.2735
40.4343
82.2773
40.2740
82.2878
40.1693
82.2934
40.0925
82.2790
40.0163
82.2600
39.8864
82.2598
39.9461
82.2650
40.0054
82.2640
39.9572
82.2700
39.9092
82.2727
39.9681
82.2724
40.0265
82.2554
40.1111
82.2427
40.1160
82.2484
40.0683
82.2512
40.0471
82.2564
40.1305
82.2395
40.2134
82.2216
40.1920
82.1958
40.2121
82.1742
40.2062
82.1550
40.1953
82.1339
40.1845
82.1164
40.1993
82.0991
40.1121
82.0994
40.0762
82.1024
40.0912
82.0939
40.0556
82.0875
40.0454
82.0875
40.0352
82.0821
40.0000
82.0842
40.0000
82.0810
40.0499
82.0700
40.0995
82.0664
40.1737
82.0635
40.1980
82.0618
40.1975
82.0546
40.2069
82.0486
40.2163
82.0401
40.2011
82.0326
40.1860
82.0334
40.1709
82.0356
40.1803
82.0448
40.2140
82.0449
40.1989
82.0410
40.2082
82.0278
40.2174
82.0160
40.2507
82.0058
40.2116
81.9926
40.1728
81.9913
40.0623
81.9864
40.0239
81.9779
39.9380
81.9727
39.9001
81.9535
39.8623
81.9463
39.8247
81.9322
39.8345
81.9135
39.7499
81.9026
39.6893
81.8933
39.6993
81.8840
39.6624
81.8779
39.6257
81.8816
39.5892
81.8913
39.5203
81.8899
39.4981
81.8878
39.4993
81.8888
39.5467
81.8866
39.6261
81.8728
39.7052
81.8681
39.8299
81.8620
39.9312
81.8461
39.9863
81.8390
40.0183
81.8401
39.9818
81.8384
40.0136
81.8368
40.0000
81.8324
39.8641
81.8296
39.7514
81.8217
39.6528
81.8108
39.6447
81.7931
39.6815
81.7819
39.6957
81.7680
39.7098
81.7697
39.7773
81.7729
39.8000
81.7813
39.7916
81.7830
39.8054
81.7738
39.8412
81.7657
39.8327
81.7646
39.8683
81.7650
39.9255
81.7581
39.9388
81.7574
39.8649
81.7573
39.7695
81.7553
39.6746
81.7597
39.6018
81.7616
39.5509
81.7702
39.4788
81.7681
39.4499
81.7717
39.4212
81.7721
39.4354
81.7706
39.4282
81.7671
39.3785
81.7682
39.3502
81.7677
39.2797
81.7772
39.2223
81.7736
39.1231
81.7668
39.0244
81.7497
38.9763
81.7392
38.9703
81.7298
38.9098
81.7160
38.8704
81.7118
38.7895
81.7085
38.7298
81.7085
38.7324
81.7136
38.7143
81.7167
38.7789
81.7197
38.8431
81.7149
38.8866
81.7066
38.8889
81.6945
38.8628
81.6901
38.8571
81.6786
38.8923
81.6711
38.9273
81.6609
39.0026
81.6437
39.0372
81.6473
39.1120
81.6443
39.1865
81.6412
39.2204
81.6433
39.2621
81.6431
39.2836
81.6395
39.3050
81.6318
39.3064
81.6251
39.3276
81.6164
39.3290
81.6140
39.3501
81.6071
39.4107
81.5988
39.4316
81.5946
39.4721
81.5943
39.5321
81.5948
39.5919
81.5940
39.6123
81.5911
39.6131
81.5846
39.5748
81.5810
39.5756
81.5733
39.6153
81.5641
39.6161
81.5530
39.6168
81.5477
39.5866
81.5542
39.5757
81.5624
39.5573
81.5722
39.5581
81.5745
39.5398
81.5709
39.5024
81.5648
39.4842
81.5578
39.4280
81.5536
39.3911
81.5312
39.4112
81.5013
39.4502
81.4767
39.4891
81.4521
39.4712
81.4355
39.4722
81.4306
39.4167
81.4327
39.3803
81.4306