3,1,148,50,106,359,-1,-1,-1,-1
3,2,12,169,24,64,-1,-1,-1,-1
3,3,135,176,19,59,-1,-1,-1,-1
3,4,102,169,27,78,-1,-1,-1,-1
3,5,35,175,23,72,-1,-1,-1,-1
4,1,154,40,105,382,-1,-1,-1,-1
4,2,14,171,27,48,-1,-1,-1,-1
4,3,140,182,18,57,-1,-1,-1,-1
4,4,108,173,26,78,-1,-1,-1,-1
4,5,37,177,24,73,-1,-1,-1,-1
4,6,143,72,55,319,-1,-1,-1,-1
5,1,151,31,112,395,-1,-1,-1,-1
5,2,17,171,23,42,-1,-1,-1,-1
5,3,142,183,17,56,-1,-1,-1,-1
6,1,152,22,118,411,-1,-1,-1,-1
6,3,147,184,14,44,-1,-1,-1,-1
6,4,116,164,37,50,-1,-1,-1,-1
6,6,143,53,68,353,-1,-1,-1,-1
7,1,156,12,124,428,-1,-1,-1,-1
8,1,171,3,122,444,-1,-1,-1,-1
9,1,182,1,127,456,-1,-1,-1,-1
9,5,25,175,16,51,-1,-1,-1,-1
10,1,203,0,122,476,-1,-1,-1,-1
10,5,23,175,16,48,-1,-1,-1,-1
11,1,217,0,130,459,-1,-1,-1,-1
12,1,212,0,160,465,-1,-1,-1,-1
13,1,222,0,168,458,-1,-1,-1,-1
13,3,94,194,14,45,-1,-1,-1,-1
14,1,239,1,169,435,-1,-1,-1,-1
14,3,89,195,14,45,-1,-1,-1,-1
14,4,109,206,17,34,-1,-1,-1,-1
14,14,237,182,24,79,-1,-1,-1,-1
15,1,284,0,143,457,-1,-1,-1,-1
15,4,110,209,15,33,-1,-1,-1,-1
15,14,249,187,24,80,-1,-1,-1,-1
16,1,283,0,158,460,-1,-1,-1,-1
16,14,255,186,25,81,-1,-1,-1,-1
16,17,175,190,20,61,-1,-1,-1,-1
16,18,127,203,16,43,-1,-1,-1,-1
17,1,250,0,210,466,-1,-1,-1,-1
17,6,195,191,26,73,-1,-1,-1,-1
17,14,259,185,23,80,-1,-1,-1,-1
17,17,179,188,19,62,-1,-1,-1,-1
17,18,130,199,17,44,-1,-1,-1,-1
17,20,147,188,21,63,-1,-1,-1,-1
18,1,279,0,188,468,-1,-1,-1,-1
18,6,197,190,23,71,-1,-1,-1,-1
18,14,260,183,24,80,-1,-1,-1,-1
18,17,181,186,19,62,-1,-1,-1,-1
18,18,130,196,18,46,-1,-1,-1,-1
18,20,148,185,22,63,-1,-1,-1,-1
19,1,284,0,193,472,-1,-1,-1,-1
19,6,199,189,24,73,-1,-1,-1,-1
19,14,262,183,24,79,-1,-1,-1,-1
19,17,182,184,20,64,-1,-1,-1,-1
19,18,131,194,19,47,-1,-1,-1,-1
20,1,257,0,220,475,-1,-1,-1,-1
20,6,201,189,24,73,-1,-1,-1,-1
20,14,264,182,24,80,-1,-1,-1,-1
20,17,183,184,21,64,-1,-1,-1,-1
20,20,153,185,20,63,-1,-1,-1,-1
21,1,265,0,213,476,-1,-1,-1,-1
21,6,203,189,25,73,-1,-1,-1,-1
21,14,266,182,24,79,-1,-1,-1,-1
21,17,187,185,19,63,-1,-1,-1,-1
21,20,155,184,22,65,-1,-1,-1,-1
22,1,273,0,212,477,-1,-1,-1,-1
22,6,205,190,25,72,-1,-1,-1,-1
22,14,268,181,24,81,-1,-1,-1,-1
22,17,189,185,20,64,-1,-1,-1,-1
22,20,157,184,23,64,-1,-1,-1,-1
22,21,299,198,18,51,-1,-1,-1,-1
23,1,284,0,211,479,-1,-1,-1,-1
23,6,207,190,26,72,-1,-1,-1,-1
23,14,269,183,25,80,-1,-1,-1,-1
24,1,312,1,213,477,-1,-1,-1,-1
25,1,308,1,237,477,-1,-1,-1,-1
26,1,315,0,244,479,-1,-1,-1,-1
27,1,306,0,258,479,-1,-1,-1,-1
28,1,292,0,286,479,-1,-1,-1,-1
28,18,108,201,14,42,-1,-1,-1,-1
29,1,283,0,305,479,-1,-1,-1,-1
29,6,209,192,24,71,-1,-1,-1,-1
29,17,193,186,20,64,-1,-1,-1,-1
29,18,106,202,15,41,-1,-1,-1,-1
29,20,161,186,21,63,-1,-1,-1,-1
30,1,276,1,320,478,-1,-1,-1,-1
30,6,208,192,24,73,-1,-1,-1,-1
30,14,268,184,24,82,-1,-1,-1,-1
30,17,191,186,21,65,-1,-1,-1,-1
30,18,101,202,18,40,-1,-1,-1,-1
30,20,159,187,21,63,-1,-1,-1,-1
31,1,275,1,325,477,-1,-1,-1,-1
31,6,206,192,28,73,-1,-1,-1,-1
31,14,268,183,24,84,-1,-1,-1,-1
31,17,192,186,19,64,-1,-1,-1,-1
31,18,99,202,18,40,-1,-1,-1,-1
31,20,159,185,19,65,-1,-1,-1,-1
32,1,277,2,327,476,-1,-1,-1,-1
32,6,206,192,28,74,-1,-1,-1,-1
32,14,268,183,23,84,-1,-1,-1,-1
32,17,191,186,22,65,-1,-1,-1,-1
32,20,159,185,20,67,-1,-1,-1,-1
32,21,177,196,18,49,-1,-1,-1,-1
33,1,279,2,331,476,-1,-1,-1,-1
33,6,207,192,27,74,-1,-1,-1,-1
33,14,264,185,26,83,-1,-1,-1,-1
33,17,190,186,22,64,-1,-1,-1,-1
33,20,159,185,20,67,-1,-1,-1,-1
33,21,174,190,19,53,-1,-1,-1,-1
34,1,285,2,334,476,-1,-1,-1,-1
34,6,207,192,26,74,-1,-1,-1,-1
34,14,263,184,25,85,-1,-1,-1,-1
34,17,188,185,23,65,-1,-1,-1,-1
34,20,158,185,20,67,-1,-1,-1,-1
35,1,293,2,337,476,-1,-1,-1,-1
35,6,206,192,27,74,-1,-1,-1,-1
35,14,262,184,26,85,-1,-1,-1,-1
35,17,189,185,22,65,-1,-1,-1,-1
35,20,158,185,20,67,-1,-1,-1,-1
36,1,306,1,332,477,-1,-1,-1,-1
36,6,206,192,26,74,-1,-1,-1,-1
36,14,260,184,26,85,-1,-1,-1,-1
36,17,190,187,20,64,-1,-1,-1,-1
36,20,158,185,20,67,-1,-1,-1,-1
36,21,157,185,20,49,-1,-1,-1,-1
37,1,316,1,323,477,-1,-1,-1,-1
37,3,172,191,21,35,-1,-1,-1,-1
37,4,159,187,17,34,-1,-1,-1,-1
37,6,204,192,30,74,-1,-1,-1,-1
37,14,259,183,28,86,-1,-1,-1,-1
37,17,189,186,21,46,-1,-1,-1,-1
37,21,151,184,19,48,-1,-1,-1,-1
38,1,332,1,307,477,-1,-1,-1,-1
38,3,189,185,21,35,-1,-1,-1,-1
38,4,161,185,18,35,-1,-1,-1,-1
38,6,205,193,29,73,-1,-1,-1,-1
38,14,259,182,27,61,-1,-1,-1,-1
38,17,190,186,20,44,-1,-1,-1,-1
38,22,301,197,21,56,-1,-1,-1,-1
39,1,344,1,295,477,-1,-1,-1,-1
39,3,193,184,21,34,-1,-1,-1,-1
39,14,256,183,28,41,-1,-1,-1,-1
39,22,301,197,20,55,-1,-1,-1,-1
39,23,305,0,106,477,-1,-1,-1,-1
40,1,361,0,278,478,-1,-1,-1,-1
40,14,257,183,25,36,-1,-1,-1,-1
41,1,376,0,263,479,-1,-1,-1,-1
41,23,311,0,106,477,-1,-1,-1,-1
42,1,389,0,250,479,-1,-1,-1,-1
42,3,188,185,19,28,-1,-1,-1,-1
42,20,156,186,21,64,-1,-1,-1,-1
42,23,312,1,108,476,-1,-1,-1,-1
43,1,394,0,245,479,-1,-1,-1,-1
43,3,192,185,17,26,-1,-1,-1,-1
43,6,207,193,26,72,-1,-1,-1,-1
43,17,228,187,17,52,-1,-1,-1,-1
43,20,157,187,21,63,-1,-1,-1,-1
43,21,188,188,21,61,-1,-1,-1,-1
43,22,238,186,29,57,-1,-1,-1,-1
44,1,397,0,242,478,-1,-1,-1,-1
44,6,208,193,25,72,-1,-1,-1,-1
44,17,232,186,17,53,-1,-1,-1,-1
44,20,157,187,21,63,-1,-1,-1,-1
44,21,188,187,22,62,-1,-1,-1,-1
44,22,228,184,21,53,-1,-1,-1,-1
44,23,313,0,123,479,-1,-1,-1,-1
45,1,400,1,239,478,-1,-1,-1,-1
45,6,208,191,25,74,-1,-1,-1,-1
45,18,143,194,14,51,-1,-1,-1,-1
45,20,157,186,21,65,-1,-1,-1,-1
45,21,189,187,20,64,-1,-1,-1,-1
45,22,228,186,21,51,-1,-1,-1,-1
45,23,316,0,123,479,-1,-1,-1,-1
46,1,404,0,235,478,-1,-1,-1,-1
46,6,208,190,26,76,-1,-1,-1,-1
46,17,301,191,20,61,-1,-1,-1,-1
46,18,146,193,14,53,-1,-1,-1,-1
46,20,157,186,23,66,-1,-1,-1,-1
46,21,188,186,22,66,-1,-1,-1,-1
46,22,228,186,20,51,-1,-1,-1,-1
46,23,316,0,120,479,-1,-1,-1,-1
47,1,408,0,231,477,-1,-1,-1,-1
47,6,208,190,24,76,-1,-1,-1,-1
47,17,302,190,20,62,-1,-1,-1,-1
47,20,157,187,24,65,-1,-1,-1,-1
47,21,189,187,21,65,-1,-1,-1,-1
47,22,222,185,20,51,-1,-1,-1,-1
47,23,317,0,121,479,-1,-1,-1,-1
48,1,410,0,229,478,-1,-1,-1,-1
48,6,208,190,24,76,-1,-1,-1,-1
48,17,302,190,20,62,-1,-1,-1,-1
48,20,158,188,22,64,-1,-1,-1,-1
48,21,190,187,20,65,-1,-1,-1,-1
48,23,317,0,122,479,-1,-1,-1,-1
48,27,240,181,29,92,-1,-1,-1,-1
49,1,411,0,228,479,-1,-1,-1,-1
49,5,29,188,19,58,-1,-1,-1,-1
49,6,208,191,26,75,-1,-1,-1,-1
49,17,303,190,19,63,-1,-1,-1,-1
49,20,158,186,20,65,-1,-1,-1,-1
49,21,189,186,21,66,-1,-1,-1,-1
49,23,316,0,122,479,-1,-1,-1,-1
49,27,239,182,27,92,-1,-1,-1,-1
50,1,413,0,226,479,-1,-1,-1,-1
50,5,29,188,19,59,-1,-1,-1,-1
50,6,209,192,25,75,-1,-1,-1,-1
50,17,303,190,19,63,-1,-1,-1,-1
50,20,157,185,21,67,-1,-1,-1,-1
50,21,189,187,22,65,-1,-1,-1,-1
50,23,317,0,120,479,-1,-1,-1,-1
51,1,417,0,222,479,-1,-1,-1,-1
51,2,43,198,18,47,-1,-1,-1,-1
51,5,21,196,28,51,-1,-1,-1,-1
51,6,207,192,24,78,-1,-1,-1,-1
51,17,303,190,19,62,-1,-1,-1,-1
51,20,157,186,21,66,-1,-1,-1,-1
51,21,188,187,20,66,-1,-1,-1,-1
51,23,317,0,121,479,-1,-1,-1,-1
51,27,231,178,35,96,-1,-1,-1,-1
52,1,422,0,215,478,-1,-1,-1,-1
52,2,19,204,21,42,-1,-1,-1,-1
52,5,20,198,30,50,-1,-1,-1,-1
52,6,205,192,26,79,-1,-1,-1,-1
52,17,304,188,18,64,-1,-1,-1,-1
52,20,158,186,20,67,-1,-1,-1,-1
52,21,187,186,21,67,-1,-1,-1,-1
52,23,317,0,123,479,-1,-1,-1,-1
53,1,430,0,207,479,-1,-1,-1,-1
53,2,17,198,21,47,-1,-1,-1,-1
53,4,38,200,20,43,-1,-1,-1,-1
53,6,204,192,24,78,-1,-1,-1,-1
53,17,303,189,19,64,-1,-1,-1,-1
53,20,157,186,21,67,-1,-1,-1,-1
53,21,187,187,22,65,-1,-1,-1,-1
53,23,317,1,125,478,-1,-1,-1,-1
53,27,227,175,36,101,-1,-1,-1,-1
54,1,437,0,200,479,-1,-1,-1,-1
54,2,16,196,18,52,-1,-1,-1,-1
54,4,31,200,20,45,-1,-1,-1,-1
54,6,203,193,25,77,-1,-1,-1,-1
54,17,303,189,19,63,-1,-1,-1,-1
54,20,157,186,22,67,-1,-1,-1,-1
54,21,188,187,19,65,-1,-1,-1,-1
54,23,316,1,126,478,-1,-1,-1,-1
55,1,448,0,184,478,-1,-1,-1,-1
55,2,11,196,19,52,-1,-1,-1,-1
55,6,202,191,26,83,-1,-1,-1,-1
55,17,303,190,19,62,-1,-1,-1,-1
55,20,157,186,22,67,-1,-1,-1,-1
55,21,187,185,20,67,-1,-1,-1,-1
55,23,315,1,129,478,-1,-1,-1,-1
55,27,223,176,36,101,-1,-1,-1,-1
56,1,456,1,174,478,-1,-1,-1,-1
56,2,7,197,20,51,-1,-1,-1,-1
56,6,200,191,24,80,-1,-1,-1,-1
56,17,303,189,19,64,-1,-1,-1,-1
56,20,158,186,20,66,-1,-1,-1,-1
56,21,186,185,21,67,-1,-1,-1,-1
56,23,315,1,130,478,-1,-1,-1,-1
56,27,221,176,36,101,-1,-1,-1,-1
57,1,449,4,178,474,-1,-1,-1,-1
57,2,4,197,21,53,-1,-1,-1,-1
57,6,201,191,21,80,-1,-1,-1,-1
57,17,302,190,20,62,-1,-1,-1,-1
57,20,157,186,22,66,-1,-1,-1,-1
57,21,186,185,21,67,-1,-1,-1,-1
57,23,315,1,129,478,-1,-1,-1,-1
58,1,456,8,172,470,-1,-1,-1,-1
58,6,200,191,21,78,-1,-1,-1,-1
58,17,303,190,19,62,-1,-1,-1,-1
58,20,157,186,22,66,-1,-1,-1,-1
58,21,186,186,20,66,-1,-1,-1,-1
58,23,313,2,132,477,-1,-1,-1,-1
58,27,215,173,35,105,-1,-1,-1,-1
59,1,457,11,174,466,-1,-1,-1,-1
59,6,200,187,19,84,-1,-1,-1,-1
59,17,304,190,18,62,-1,-1,-1,-1
59,20,157,187,21,64,-1,-1,-1,-1
59,21,186,186,20,65,-1,-1,-1,-1
59,23,312,2,134,477,-1,-1,-1,-1
59,27,212,171,36,107,-1,-1,-1,-1
60,1,461,13,168,464,-1,-1,-1,-1
60,6,199,187,19,84,-1,-1,-1,-1
60,17,304,190,18,62,-1,-1,-1,-1
60,20,158,187,21,64,-1,-1,-1,-1
60,21,186,188,20,64,-1,-1,-1,-1
60,23,310,2,136,477,-1,-1,-1,-1
61,1,468,15,159,463,-1,-1,-1,-1
61,5,12,198,20,42,-1,-1,-1,-1
61,17,302,196,20,56,-1,-1,-1,-1
61,20,157,187,22,64,-1,-1,-1,-1
61,21,187,187,19,63,-1,-1,-1,-1
61,23,312,1,133,478,-1,-1,-1,-1
61,27,208,169,35,111,-1,-1,-1,-1
62,1,466,18,163,460,-1,-1,-1,-1
62,3,302,208,19,43,-1,-1,-1,-1
62,5,8,199,21,38,-1,-1,-1,-1
62,6,187,186,22,74,-1,-1,-1,-1
62,17,304,197,19,55,-1,-1,-1,-1
62,18,101,191,24,58,-1,-1,-1,-1
62,20,157,187,22,64,-1,-1,-1,-1
62,21,187,187,20,63,-1,-1,-1,-1
62,22,302,161,19,91,-1,-1,-1,-1
63,1,468,20,161,458,-1,-1,-1,-1
63,3,302,208,19,44,-1,-1,-1,-1
63,5,7,200,20,36,-1,-1,-1,-1
63,6,186,186,21,75,-1,-1,-1,-1
63,18,100,191,20,58,-1,-1,-1,-1
63,20,157,186,22,65,-1,-1,-1,-1
63,22,307,159,18,94,-1,-1,-1,-1
64,1,465,21,161,456,-1,-1,-1,-1
64,3,308,209,18,45,-1,-1,-1,-1
64,6,184,185,22,76,-1,-1,-1,-1
64,18,98,191,20,58,-1,-1,-1,-1
65,1,461,23,166,455,-1,-1,-1,-1
65,18,96,192,20,57,-1,-1,-1,-1
65,20,157,185,21,67,-1,-1,-1,-1
65,23,296,1,146,478,-1,-1,-1,-1
65,27,190,166,43,116,-1,-1,-1,-1
66,1,458,23,168,455,-1,-1,-1,-1
66,18,94,191,20,59,-1,-1,-1,-1
66,20,157,185,21,67,-1,-1,-1,-1
66,23,293,1,149,478,-1,-1,-1,-1
67,1,452,23,171,455,-1,-1,-1,-1
67,20,156,185,19,66,-1,-1,-1,-1
67,23,289,1,151,478,-1,-1,-1,-1
67,27,184,163,43,121,-1,-1,-1,-1
68,1,445,25,173,454,-1,-1,-1,-1
68,20,156,185,19,65,-1,-1,-1,-1
68,23,286,1,148,478,-1,-1,-1,-1
68,27,176,163,49,121,-1,-1,-1,-1
69,1,430,28,179,450,-1,-1,-1,-1
69,6,164,185,17,68,-1,-1,-1,-1
69,20,157,186,18,65,-1,-1,-1,-1
69,23,285,1,146,478,-1,-1,-1,-1
69,27,168,163,53,122,-1,-1,-1,-1
70,1,428,30,178,448,-1,-1,-1,-1
70,6,161,185,16,67,-1,-1,-1,-1
70,20,157,186,17,65,-1,-1,-1,-1
70,23,285,1,143,478,-1,-1,-1,-1
71,1,423,34,182,445,-1,-1,-1,-1
71,20,156,185,18,66,-1,-1,-1,-1
71,23,282,0,139,479,-1,-1,-1,-1
71,27,168,162,44,126,-1,-1,-1,-1
72,1,419,38,175,440,-1,-1,-1,-1
72,20,157,184,16,66,-1,-1,-1,-1
72,23,280,1,139,478,-1,-1,-1,-1
72,27,167,160,42,128,-1,-1,-1,-1
73,1,413,46,166,431,-1,-1,-1,-1
73,3,251,190,18,50,-1,-1,-1,-1
73,20,156,183,17,67,-1,-1,-1,-1
73,23,280,2,135,476,-1,-1,-1,-1
74,1,408,52,165,425,-1,-1,-1,-1
74,3,249,189,18,50,-1,-1,-1,-1
74,23,277,4,133,474,-1,-1,-1,-1
75,1,407,60,155,418,-1,-1,-1,-1
75,23,272,8,132,470,-1,-1,-1,-1
75,27,156,155,49,135,-1,-1,-1,-1
76,1,407,65,144,408,-1,-1,-1,-1
76,3,229,186,14,49,-1,-1,-1,-1
76,17,250,190,19,49,-1,-1,-1,-1
76,21,184,187,22,71,-1,-1,-1,-1
76,23,268,13,128,465,-1,-1,-1,-1
76,27,152,156,43,137,-1,-1,-1,-1
77,1,400,68,142,397,-1,-1,-1,-1
77,3,224,185,14,49,-1,-1,-1,-1
77,6,180,184,23,94,-1,-1,-1,-1
77,17,247,189,19,49,-1,-1,-1,-1
78,1,399,70,135,382,-1,-1,-1,-1
78,6,180,184,24,96,-1,-1,-1,-1
78,23,254,26,136,451,-1,-1,-1,-1
78,27,143,155,46,144,-1,-1,-1,-1
79,1,395,73,129,355,-1,-1,-1,-1
79,6,175,184,28,97,-1,-1,-1,-1
79,18,0,192,18,62,-1,-1,-1,-1
79,23,249,36,134,442,-1,-1,-1,-1
79,27,140,151,47,147,-1,-1,-1,-1
80,1,394,75,123,350,-1,-1,-1,-1
80,6,173,184,30,98,-1,-1,-1,-1
80,18,0,193,11,61,-1,-1,-1,-1
80,23,244,40,133,438,-1,-1,-1,-1
81,1,391,81,117,346,-1,-1,-1,-1
81,4,0,194,24,59,-1,-1,-1,-1
81,6,168,180,30,103,-1,-1,-1,-1
81,21,189,184,16,68,-1,-1,-1,-1
81,23,234,44,120,434,-1,-1,-1,-1
81,27,126,147,51,152,-1,-1,-1,-1
82,1,384,88,115,340,-1,-1,-1,-1
82,4,0,195,34,62,-1,-1,-1,-1
82,6,166,178,31,106,-1,-1,-1,-1
82,21,189,185,15,67,-1,-1,-1,-1
82,23,227,50,120,420,-1,-1,-1,-1
82,27,109,148,63,155,-1,-1,-1,-1
83,1,383,94,106,333,-1,-1,-1,-1
83,4,1,195,33,64,-1,-1,-1,-1
83,6,161,177,34,109,-1,-1,-1,-1
83,21,186,186,17,68,-1,-1,-1,-1
83,23,221,54,116,414,-1,-1,-1,-1
83,27,95,149,70,157,-1,-1,-1,-1
84,1,382,99,103,320,-1,-1,-1,-1
84,4,4,195,30,64,-1,-1,-1,-1
84,6,159,178,35,110,-1,-1,-1,-1
84,21,185,186,19,69,-1,-1,-1,-1
84,23,208,59,125,413,-1,-1,-1,-1
84,27,96,149,64,159,-1,-1,-1,-1
85,1,376,100,105,312,-1,-1,-1,-1
85,4,8,193,23,64,-1,-1,-1,-1
85,6,153,178,40,112,-1,-1,-1,-1
85,21,185,186,17,69,-1,-1,-1,-1
85,22,311,199,39,111,-1,-1,-1,-1
85,23,194,65,129,408,-1,-1,-1,-1
85,27,94,147,60,165,-1,-1,-1,-1
86,1,370,101,103,295,-1,-1,-1,-1
86,4,9,194,24,66,-1,-1,-1,-1
86,6,149,177,36,115,-1,-1,-1,-1
86,20,33,190,23,65,-1,-1,-1,-1
86,21,184,187,17,68,-1,-1,-1,-1
86,22,299,199,41,115,-1,-1,-1,-1
86,23,189,69,128,404,-1,-1,-1,-1
87,1,361,100,107,293,-1,-1,-1,-1
87,4,10,193,26,68,-1,-1,-1,-1
87,6,147,175,32,118,-1,-1,-1,-1
87,20,25,191,23,64,-1,-1,-1,-1
87,22,297,200,42,117,-1,-1,-1,-1
87,23,173,67,136,409,-1,-1,-1,-1
88,1,355,100,110,297,-1,-1,-1,-1
88,4,10,195,31,68,-1,-1,-1,-1
88,6,145,173,32,120,-1,-1,-1,-1
88,22,275,200,50,104,-1,-1,-1,-1
88,23,164,67,138,399,-1,-1,-1,-1
88,27,72,145,65,172,-1,-1,-1,-1
89,1,347,105,112,296,-1,-1,-1,-1
89,3,301,192,22,62,-1,-1,-1,-1
89,4,13,193,33,69,-1,-1,-1,-1
89,6,144,185,34,111,-1,-1,-1,-1
89,22,271,201,50,105,-1,-1,-1,-1
89,23,151,66,127,380,-1,-1,-1,-1
90,1,343,108,112,294,-1,-1,-1,-1
90,3,303,191,23,64,-1,-1,-1,-1
90,4,16,191,30,70,-1,-1,-1,-1
90,6,143,182,34,115,-1,-1,-1,-1
90,14,556,204,14,38,-1,-1,-1,-1
90,23,149,66,126,382,-1,-1,-1,-1
90,27,49,150,68,174,-1,-1,-1,-1
91,1,344,110,108,290,-1,-1,-1,-1
91,3,305,191,24,65,-1,-1,-1,-1
91,4,25,193,25,65,-1,-1,-1,-1
91,6,139,184,31,117,-1,-1,-1,-1
91,14,563,203,15,42,-1,-1,-1,-1
91,20,13,189,22,65,-1,-1,-1,-1
91,23,149,69,122,383,-1,-1,-1,-1
91,27,36,141,78,190,-1,-1,-1,-1
92,1,347,110,104,289,-1,-1,-1,-1
92,3,308,191,26,65,-1,-1,-1,-1
92,4,27,193,25,65,-1,-1,-1,-1
92,6,142,173,26,131,-1,-1,-1,-1
92,17,36,194,19,43,-1,-1,-1,-1
92,20,15,188,21,66,-1,-1,-1,-1
92,23,153,74,117,382,-1,-1,-1,-1
92,27,32,140,74,196,-1,-1,-1,-1
93,1,345,106,105,278,-1,-1,-1,-1
93,3,312,189,26,65,-1,-1,-1,-1
93,6,141,167,27,136,-1,-1,-1,-1
93,17,23,194,19,43,-1,-1,-1,-1
93,20,12,188,21,67,-1,-1,-1,-1
93,23,159,78,110,382,-1,-1,-1,-1
94,1,346,107,105,275,-1,-1,-1,-1
94,3,316,190,25,65,-1,-1,-1,-1
94,6,142,165,28,140,-1,-1,-1,-1
94,23,161,81,108,388,-1,-1,-1,-1
94,27,25,121,71,216,-1,-1,-1,-1
94,30,535,2,104,275,-1,-1,-1,-1
95,1,349,108,104,277,-1,-1,-1,-1
95,3,323,191,23,64,-1,-1,-1,-1
95,6,142,163,39,144,-1,-1,-1,-1
95,23,163,83,109,371,-1,-1,-1,-1
95,27,15,114,80,226,-1,-1,-1,-1
95,30,530,1,108,273,-1,-1,-1,-1
96,1,345,112,110,277,-1,-1,-1,-1
96,3,330,191,23,65,-1,-1,-1,-1
96,6,141,162,37,148,-1,-1,-1,-1
96,21,73,203,25,59,-1,-1,-1,-1
96,23,163,84,112,351,-1,-1,-1,-1
96,27,0,113,91,233,-1,-1,-1,-1
96,30,537,1,101,275,-1,-1,-1,-1
97,1,344,114,112,280,-1,-1,-1,-1
97,3,335,190,25,67,-1,-1,-1,-1
97,6,132,161,50,151,-1,-1,-1,-1
97,21,78,195,27,66,-1,-1,-1,-1
97,23,164,85,116,347,-1,-1,-1,-1
97,27,0,110,86,243,-1,-1,-1,-1
97,30,537,0,101,286,-1,-1,-1,-1
98,1,351,114,107,274,-1,-1,-1,-1
98,2,0,142,20,214,-1,-1,-1,-1
98,3,340,190,25,66,-1,-1,-1,-1
98,6,133,161,53,154,-1,-1,-1,-1
98,21,88,193,23,67,-1,-1,-1,-1
98,23,163,85,122,351,-1,-1,-1,-1
98,27,1,109,86,237,-1,-1,-1,-1
98,30,530,1,108,290,-1,-1,-1,-1
99,1,363,115,104,271,-1,-1,-1,-1
99,2,1,140,19,219,-1,-1,-1,-1
99,3,351,193,22,66,-1,-1,-1,-1
99,6,135,163,56,161,-1,-1,-1,-1
99,21,104,195,21,68,-1,-1,-1,-1
99,23,165,94,125,353,-1,-1,-1,-1
99,27,3,96,72,349,-1,-1,-1,-1
100,1,368,110,100,275,-1,-1,-1,-1
100,3,358,192,20,65,-1,-1,-1,-1
100,6,134,159,58,164,-1,-1,-1,-1
100,21,111,193,23,69,-1,-1,-1,-1
100,23,165,94,126,349,-1,-1,-1,-1
100,27,0,80,87,355,-1,-1,-1,-1
100,30,507,0,132,311,-1,-1,-1,-1
101,1,374,105,95,275,-1,-1,-1,-1
101,3,364,192,19,65,-1,-1,-1,-1
101,6,147,153,44,166,-1,-1,-1,-1
101,21,117,193,27,68,-1,-1,-1,-1
101,23,167,92,125,345,-1,-1,-1,-1
101,27,0,22,97,406,-1,-1,-1,-1
102,1,377,104,96,283,-1,-1,-1,-1
102,6,145,153,49,173,-1,-1,-1,-1
102,21,128,194,23,66,-1,-1,-1,-1
102,23,180,92,116,331,-1,-1,-1,-1
102,27,0,26,99,410,-1,-1,-1,-1
102,30,512,2,127,297,-1,-1,-1,-1
103,1,376,104,98,283,-1,-1,-1,-1
103,6,126,148,70,183,-1,-1,-1,-1
103,21,133,194,24,66,-1,-1,-1,-1
103,23,187,89,112,325,-1,-1,-1,-1
103,27,0,25,107,415,-1,-1,-1,-1
104,1,375,114,99,274,-1,-1,-1,-1
104,6,107,150,90,191,-1,-1,-1,-1
104,23,195,91,109,329,-1,-1,-1,-1
104,27,0,29,120,418,-1,-1,-1,-1
104,30,487,0,151,465,-1,-1,-1,-1
105,1,370,114,102,247,-1,-1,-1,-1
105,5,0,335,15,31,-1,-1,-1,-1
105,6,103,147,91,198,-1,-1,-1,-1
105,23,199,90,107,333,-1,-1,-1,-1
105,27,0,26,124,425,-1,-1,-1,-1
105,30,467,0,172,474,-1,-1,-1,-1
106,1,371,115,100,242,-1,-1,-1,-1
106,5,0,338,15,32,-1,-1,-1,-1
106,6,101,143,85,203,-1,-1,-1,-1
106,14,371,112,99,196,-1,-1,-1,-1
106,23,204,92,103,337,-1,-1,-1,-1
107,6,105,142,66,202,-1,-1,-1,-1
107,14,368,107,100,196,-1,-1,-1,-1
107,21,159,188,30,69,-1,-1,-1,-1
107,23,207,91,101,339,-1,-1,-1,-1
107,27,0,32,138,431,-1,-1,-1,-1
107,30,456,1,183,478,-1,-1,-1,-1
108,2,1,2,20,235,-1,-1,-1,-1
108,6,101,141,69,205,-1,-1,-1,-1
108,14,361,100,102,191,-1,-1,-1,-1
108,21,160,184,32,72,-1,-1,-1,-1
108,22,0,273,84,205,-1,-1,-1,-1
108,23,206,84,102,343,-1,-1,-1,-1
108,27,4,33,143,387,-1,-1,-1,-1
109,1,360,100,100,165,-1,-1,-1,-1
109,2,1,0,20,228,-1,-1,-1,-1
109,14,352,94,108,199,-1,-1,-1,-1
109,21,163,183,25,73,-1,-1,-1,-1
109,22,0,276,71,203,-1,-1,-1,-1
109,23,203,82,105,333,-1,-1,-1,-1
110,1,363,105,94,154,-1,-1,-1,-1
110,6,108,105,44,231,-1,-1,-1,-1
110,21,168,188,25,75,-1,-1,-1,-1
110,23,203,87,108,322,-1,-1,-1,-1
110,27,33,30,109,372,-1,-1,-1,-1
110,30,432,0,207,478,-1,-1,-1,-1
111,1,364,106,90,142,-1,-1,-1,-1
111,6,105,100,44,237,-1,-1,-1,-1
111,14,353,99,101,255,-1,-1,-1,-1
111,21,173,181,23,77,-1,-1,-1,-1
111,23,203,81,108,323,-1,-1,-1,-1
112,4,45,20,42,50,-1,-1,-1,-1
112,14,340,86,111,248,-1,-1,-1,-1
112,21,177,179,23,78,-1,-1,-1,-1
112,23,204,68,104,322,-1,-1,-1,-1
112,27,0,0,209,479,-1,-1,-1,-1
112,30,427,1,212,476,-1,-1,-1,-1
113,4,46,11,42,49,-1,-1,-1,-1
113,14,343,61,105,252,-1,-1,-1,-1
113,21,171,151,22,71,-1,-1,-1,-1
113,23,214,41,91,328,-1,-1,-1,-1
113,27,1,1,234,477,-1,-1,-1,-1
113,30,424,0,214,475,-1,-1,-1,-1
114,14,341,32,100,255,-1,-1,-1,-1
114,21,174,146,23,72,-1,-1,-1,-1
114,23,219,12,79,335,-1,-1,-1,-1
114,27,8,0,259,479,-1,-1,-1,-1
114,30,420,0,211,479,-1,-1,-1,-1
114,33,0,0,105,354,-1,-1,-1,-1
115,14,340,28,95,259,-1,-1,-1,-1
115,18,0,248,12,73,-1,-1,-1,-1
115,23,231,6,65,332,-1,-1,-1,-1
115,27,47,1,242,472,-1,-1,-1,-1
115,30,418,2,210,477,-1,-1,-1,-1
115,33,5,0,132,351,-1,-1,-1,-1
116,14,335,51,91,260,-1,-1,-1,-1
116,18,1,250,13,74,-1,-1,-1,-1
116,23,234,0,61,329,-1,-1,-1,-1
116,27,110,0,205,452,-1,-1,-1,-1
116,30,411,1,227,478,-1,-1,-1,-1
117,14,330,83,89,262,-1,-1,-1,-1
117,17,3,153,34,89,-1,-1,-1,-1
117,27,166,21,162,457,-1,-1,-1,-1
117,30,407,0,192,479,-1,-1,-1,-1
117,33,27,33,116,353,-1,-1,-1,-1
117,34,540,0,99,467,-1,-1,-1,-1
118,1,176,159,20,55,-1,-1,-1,-1
118,14,347,98,73,264,-1,-1,-1,-1
118,17,0,165,46,89,-1,-1,-1,-1
118,27,176,51,189,427,-1,-1,-1,-1
118,30,410,0,179,479,-1,-1,-1,-1
118,33,40,47,110,335,-1,-1,-1,-1
118,34,543,1,96,472,-1,-1,-1,-1
119,1,159,165,16,42,-1,-1,-1,-1
119,6,30,40,112,339,-1,-1,-1,-1
119,14,342,93,77,266,-1,-1,-1,-1
119,17,2,160,31,89,-1,-1,-1,-1
119,23,190,70,68,262,-1,-1,-1,-1
119,27,177,47,197,431,-1,-1,-1,-1
119,30,400,1,179,478,-1,-1,-1,-1
119,33,48,56,110,331,-1,-1,-1,-1
120,3,352,96,55,127,-1,-1,-1,-1
120,6,24,41,114,341,-1,-1,-1,-1
120,14,347,94,57,270,-1,-1,-1,-1
120,17,5,157,17,90,-1,-1,-1,-1
120,23,190,73,79,298,-1,-1,-1,-1
120,27,219,45,173,407,-1,-1,-1,-1
120,30,393,1,180,478,-1,-1,-1,-1
120,34,543,8,95,405,-1,-1,-1,-1
121,3,351,91,58,131,-1,-1,-1,-1
121,6,20,63,112,340,-1,-1,-1,-1
121,14,346,95,53,276,-1,-1,-1,-1
121,17,4,157,14,91,-1,-1,-1,-1
121,18,0,179,18,83,-1,-1,-1,-1
121,23,190,97,91,309,-1,-1,-1,-1
122,6,15,83,113,330,-1,-1,-1,-1
122,18,0,187,18,76,-1,-1,-1,-1
122,20,0,189,17,149,-1,-1,-1,-1
122,23,199,109,90,317,-1,-1,-1,-1
122,27,293,89,126,382,-1,-1,-1,-1
122,30,401,0,213,479,-1,-1,-1,-1
122,34,526,5,113,464,-1,-1,-1,-1
123,6,4,79,115,322,-1,-1,-1,-1
123,18,0,184,19,76,-1,-1,-1,-1
123,20,0,189,16,153,-1,-1,-1,-1
123,21,284,190,13,37,-1,-1,-1,-1
123,23,191,103,99,301,-1,-1,-1,-1
123,27,305,88,122,375,-1,-1,-1,-1
124,6,1,71,109,311,-1,-1,-1,-1
124,21,293,192,13,34,-1,-1,-1,-1
124,23,186,95,99,297,-1,-1,-1,-1
124,27,314,80,113,370,-1,-1,-1,-1
124,30,408,0,231,478,-1,-1,-1,-1
125,6,0,57,100,322,-1,-1,-1,-1
125,14,316,97,69,259,-1,-1,-1,-1
125,21,280,171,16,37,-1,-1,-1,-1
125,23,175,82,110,303,-1,-1,-1,-1
125,27,341,78,90,331,-1,-1,-1,-1
125,30,412,1,215,478,-1,-1,-1,-1
125,34,528,1,111,478,-1,-1,-1,-1
126,6,0,60,97,324,-1,-1,-1,-1
126,14,317,103,70,255,-1,-1,-1,-1
126,21,280,172,18,40,-1,-1,-1,-1
126,23,169,85,116,305,-1,-1,-1,-1
126,27,364,80,79,332,-1,-1,-1,-1
126,30,407,1,231,478,-1,-1,-1,-1
126,34,532,0,107,477,-1,-1,-1,-1
127,6,0,66,97,321,-1,-1,-1,-1
127,14,310,101,85,263,-1,-1,-1,-1
127,21,284,171,20,39,-1,-1,-1,-1
127,23,163,88,124,308,-1,-1,-1,-1
127,27,384,81,68,333,-1,-1,-1,-1
127,30,422,1,215,477,-1,-1,-1,-1
127,34,558,9,81,455,-1,-1,-1,-1
128,3,402,83,56,158,-1,-1,-1,-1
128,6,0,71,90,319,-1,-1,-1,-1
128,14,315,102,91,265,-1,-1,-1,-1
128,21,289,171,20,40,-1,-1,-1,-1
128,23,164,89,119,308,-1,-1,-1,-1
128,27,401,83,58,329,-1,-1,-1,-1
128,30,432,1,206,477,-1,-1,-1,-1
128,34,570,2,69,465,-1,-1,-1,-1
129,3,420,95,49,151,-1,-1,-1,-1
129,6,0,64,111,315,-1,-1,-1,-1
129,14,329,93,95,267,-1,-1,-1,-1
129,21,299,165,20,61,-1,-1,-1,-1
129,23,166,77,121,317,-1,-1,-1,-1
129,27,416,85,51,324,-1,-1,-1,-1
129,30,445,1,192,476,-1,-1,-1,-1
130,3,436,114,35,127,-1,-1,-1,-1
130,6,0,58,106,312,-1,-1,-1,-1
130,14,332,86,93,271,-1,-1,-1,-1
130,21,303,159,19,80,-1,-1,-1,-1
130,23,166,70,120,313,-1,-1,-1,-1
130,30,457,0,182,478,-1,-1,-1,-1
131,3,448,128,31,121,-1,-1,-1,-1
131,6,0,62,106,305,-1,-1,-1,-1
131,14,335,91,94,266,-1,-1,-1,-1
131,21,307,166,22,77,-1,-1,-1,-1
131,23,172,74,118,311,-1,-1,-1,-1
131,30,464,1,175,477,-1,-1,-1,-1
131,33,88,135,41,184,-1,-1,-1,-1
132,3,451,147,27,110,-1,-1,-1,-1
132,6,0,65,94,304,-1,-1,-1,-1
132,14,334,95,93,270,-1,-1,-1,-1
132,21,307,172,22,78,-1,-1,-1,-1
132,23,175,77,111,320,-1,-1,-1,-1
132,30,468,1,171,478,-1,-1,-1,-1
132,33,76,137,47,185,-1,-1,-1,-1
133,3,458,152,25,107,-1,-1,-1,-1
133,6,0,79,91,306,-1,-1,-1,-1
133,14,334,102,94,279,-1,-1,-1,-1
133,21,314,180,21,79,-1,-1,-1,-1
133,23,182,87,105,327,-1,-1,-1,-1
133,30,467,1,172,478,-1,-1,-1,-1
133,33,83,142,51,194,-1,-1,-1,-1
134,6,0,82,83,311,-1,-1,-1,-1
134,14,325,103,99,284,-1,-1,-1,-1
134,21,312,180,20,80,-1,-1,-1,-1
134,23,178,90,105,333,-1,-1,-1,-1
134,30,470,1,169,478,-1,-1,-1,-1
134,33,76,145,62,194,-1,-1,-1,-1
134,38,291,181,18,40,-1,-1,-1,-1
135,6,0,83,74,313,-1,-1,-1,-1
135,14,322,107,98,289,-1,-1,-1,-1
135,21,313,181,20,80,-1,-1,-1,-1
135,23,177,90,102,344,-1,-1,-1,-1
135,30,473,1,166,478,-1,-1,-1,-1
135,33,71,149,79,194,-1,-1,-1,-1
135,38,280,183,34,56,-1,-1,-1,-1
136,6,0,82,63,311,-1,-1,-1,-1
136,14,317,105,99,295,-1,-1,-1,-1
136,21,313,180,17,75,-1,-1,-1,-1
136,23,174,85,102,355,-1,-1,-1,-1
136,30,476,1,163,478,-1,-1,-1,-1
136,33,72,147,83,194,-1,-1,-1,-1
136,38,279,187,38,61,-1,-1,-1,-1
137,3,472,175,31,79,-1,-1,-1,-1
137,6,0,100,59,271,-1,-1,-1,-1
137,14,315,97,101,299,-1,-1,-1,-1
137,21,317,180,17,77,-1,-1,-1,-1
137,23,167,74,109,348,-1,-1,-1,-1
137,30,485,0,154,479,-1,-1,-1,-1
137,33,83,143,81,194,-1,-1,-1,-1
138,3,477,177,31,78,-1,-1,-1,-1
138,6,1,100,50,271,-1,-1,-1,-1
138,14,314,97,102,302,-1,-1,-1,-1
138,23,158,76,117,343,-1,-1,-1,-1
138,30,492,1,147,478,-1,-1,-1,-1
138,33,104,145,61,190,-1,-1,-1,-1
138,40,290,174,37,96,-1,-1,-1,-1
139,3,482,181,31,75,-1,-1,-1,-1
139,6,0,93,53,284,-1,-1,-1,-1
139,14,315,102,100,300,-1,-1,-1,-1
139,21,296,183,31,84,-1,-1,-1,-1
139,23,153,85,125,342,-1,-1,-1,-1
139,30,499,1,140,478,-1,-1,-1,-1
140,6,0,94,49,270,-1,-1,-1,-1
140,14,311,93,99,303,-1,-1,-1,-1
140,21,294,177,27,84,-1,-1,-1,-1
140,23,146,78,127,354,-1,-1,-1,-1
140,30,504,0,135,478,-1,-1,-1,-1
140,33,133,172,35,172,-1,-1,-1,-1
141,6,0,91,51,268,-1,-1,-1,-1
141,14,302,88,108,308,-1,-1,-1,-1
141,21,298,170,22,86,-1,-1,-1,-1
141,23,143,75,128,362,-1,-1,-1,-1
141,30,508,0,131,478,-1,-1,-1,-1
141,33,132,187,39,155,-1,-1,-1,-1
142,3,494,181,37,70,-1,-1,-1,-1
142,6,0,90,47,275,-1,-1,-1,-1
142,14,280,92,124,318,-1,-1,-1,-1
142,21,299,169,22,88,-1,-1,-1,-1
142,23,129,80,133,370,-1,-1,-1,-1
142,33,119,213,50,133,-1,-1,-1,-1
143,3,499,184,37,68,-1,-1,-1,-1
143,6,0,92,49,278,-1,-1,-1,-1
143,14,273,95,130,323,-1,-1,-1,-1
143,23,113,79,144,385,-1,-1,-1,-1
143,27,501,184,39,84,-1,-1,-1,-1
143,33,123,222,49,125,-1,-1,-1,-1
144,6,0,82,64,295,-1,-1,-1,-1
144,14,288,95,132,328,-1,-1,-1,-1
144,23,111,75,148,380,-1,-1,-1,-1
144,27,511,191,32,68,-1,-1,-1,-1
144,30,553,1,86,475,-1,-1,-1,-1
144,34,529,0,110,396,-1,-1,-1,-1
145,6,0,86,76,295,-1,-1,-1,-1
145,14,297,91,133,333,-1,-1,-1,-1
145,23,113,72,154,375,-1,-1,-1,-1
145,30,561,1,78,475,-1,-1,-1,-1
145,34,571,3,68,306,-1,-1,-1,-1
145,38,534,181,43,98,-1,-1,-1,-1
146,6,0,86,84,298,-1,-1,-1,-1
146,14,304,87,121,336,-1,-1,-1,-1
146,21,256,156,31,68,-1,-1,-1,-1
146,23,120,68,147,379,-1,-1,-1,-1
146,34,591,4,48,296,-1,-1,-1,-1
146,38,550,180,43,100,-1,-1,-1,-1
146,40,388,168,58,172,-1,-1,-1,-1
147,6,0,88,87,300,-1,-1,-1,-1
147,14,303,82,115,338,-1,-1,-1,-1
147,21,253,154,32,67,-1,-1,-1,-1
147,23,128,63,136,394,-1,-1,-1,-1
147,34,595,5,44,285,-1,-1,-1,-1
147,38,561,178,44,105,-1,-1,-1,-1
148,6,0,84,92,301,-1,-1,-1,-1
148,14,304,71,120,352,-1,-1,-1,-1
148,23,137,57,131,406,-1,-1,-1,-1
148,38,576,171,45,107,-1,-1,-1,-1
148,40,428,152,53,191,-1,-1,-1,-1
148,43,251,152,62,195,-1,-1,-1,-1
149,3,390,198,24,66,-1,-1,-1,-1
149,6,0,83,94,298,-1,-1,-1,-1
149,14,304,66,123,359,-1,-1,-1,-1
149,23,140,53,129,414,-1,-1,-1,-1
149,38,586,166,48,108,-1,-1,-1,-1
149,40,435,145,67,201,-1,-1,-1,-1
149,43,261,150,56,194,-1,-1,-1,-1
150,3,383,200,24,66,-1,-1,-1,-1
150,6,0,85,99,293,-1,-1,-1,-1
150,14,304,67,127,372,-1,-1,-1,-1
150,23,143,53,128,425,-1,-1,-1,-1
150,38,603,165,36,111,-1,-1,-1,-1
151,6,0,81,100,283,-1,-1,-1,-1
151,14,303,65,129,378,-1,-1,-1,-1
151,23,141,46,133,433,-1,-1,-1,-1
151,38,613,178,26,97,-1,-1,-1,-1
151,40,463,139,116,227,-1,-1,-1,-1
152,6,0,79,98,288,-1,-1,-1,-1
152,14,301,65,132,386,-1,-1,-1,-1
152,23,133,41,136,430,-1,-1,-1,-1
152,27,625,244,14,33,-1,-1,-1,-1
152,38,622,182,17,96,-1,-1,-1,-1
152,40,488,133,106,242,-1,-1,-1,-1
153,6,0,86,106,289,-1,-1,-1,-1
153,14,306,65,126,390,-1,-1,-1,-1
153,23,127,41,147,419,-1,-1,-1,-1
153,27,636,249,3,28,-1,-1,-1,-1
153,38,641,183,-2,97,-1,-1,-1,-1
154,6,1,91,103,293,-1,-1,-1,-1
154,14,300,64,134,382,-1,-1,-1,-1
154,23,105,40,165,423,-1,-1,-1,-1
154,40,574,119,65,271,-1,-1,-1,-1
154,43,421,166,27,104,-1,-1,-1,-1
155,6,0,94,102,295,-1,-1,-1,-1
155,14,298,61,146,378,-1,-1,-1,-1
155,23,96,39,171,437,-1,-1,-1,-1
155,30,395,157,60,188,-1,-1,-1,-1
155,40,605,124,34,273,-1,-1,-1,-1
155,43,433,168,23,91,-1,-1,-1,-1
156,6,0,91,95,291,-1,-1,-1,-1
156,14,292,55,136,387,-1,-1,-1,-1
156,23,78,37,177,442,-1,-1,-1,-1
156,30,389,150,70,191,-1,-1,-1,-1
156,40,627,122,12,281,-1,-1,-1,-1
157,6,0,88,90,292,-1,-1,-1,-1
157,14,283,53,145,399,-1,-1,-1,-1
157,23,68,34,179,444,-1,-1,-1,-1
157,30,395,147,79,195,-1,-1,-1,-1
158,6,0,85,86,284,-1,-1,-1,-1
158,14,266,55,165,415,-1,-1,-1,-1
158,23,50,30,185,449,-1,-1,-1,-1
158,30,427,144,70,204,-1,-1,-1,-1
159,6,1,84,84,284,-1,-1,-1,-1
159,14,271,54,157,421,-1,-1,-1,-1
159,21,411,160,29,111,-1,-1,-1,-1
159,23,60,24,172,455,-1,-1,-1,-1
159,30,446,144,71,205,-1,-1,-1,-1
160,3,455,154,29,52,-1,-1,-1,-1
160,6,1,85,78,281,-1,-1,-1,-1
160,14,278,48,156,420,-1,-1,-1,-1
160,21,417,153,33,115,-1,-1,-1,-1
160,23,72,15,155,464,-1,-1,-1,-1
160,30,468,138,74,211,-1,-1,-1,-1
160,38,456,154,29,118,-1,-1,-1,-1
161,3,460,151,29,51,-1,-1,-1,-1
161,6,3,95,70,283,-1,-1,-1,-1
161,14,274,49,155,425,-1,-1,-1,-1
161,21,422,156,36,116,-1,-1,-1,-1
161,23,55,16,169,462,-1,-1,-1,-1
161,30,483,145,80,211,-1,-1,-1,-1
162,6,3,97,59,268,-1,-1,-1,-1
162,14,266,46,153,416,-1,-1,-1,-1
162,21,423,157,36,118,-1,-1,-1,-1
162,23,34,10,179,468,-1,-1,-1,-1
162,30,495,147,83,214,-1,-1,-1,-1
162,38,463,159,34,118,-1,-1,-1,-1
163,6,0,97,63,283,-1,-1,-1,-1
163,14,260,42,157,427,-1,-1,-1,-1
163,21,426,157,40,119,-1,-1,-1,-1
163,23,33,8,168,469,-1,-1,-1,-1
163,30,520,146,78,211,-1,-1,-1,-1
163,38,469,159,33,119,-1,-1,-1,-1
164,6,3,100,51,275,-1,-1,-1,-1
164,14,253,45,161,433,-1,-1,-1,-1
164,21,429,160,40,120,-1,-1,-1,-1
164,23,26,16,167,462,-1,-1,-1,-1
164,30,535,145,81,216,-1,-1,-1,-1
164,34,282,29,25,77,-1,-1,-1,-1
164,38,473,161,34,121,-1,-1,-1,-1
165,6,3,102,48,273,-1,-1,-1,-1
165,14,240,45,172,434,-1,-1,-1,-1
165,21,436,157,40,122,-1,-1,-1,-1
165,23,7,8,174,471,-1,-1,-1,-1
165,30,557,141,82,224,-1,-1,-1,-1
165,34,283,22,26,79,-1,-1,-1,-1
166,14,235,48,174,431,-1,-1,-1,-1
166,21,439,156,40,125,-1,-1,-1,-1
166,23,0,6,170,473,-1,-1,-1,-1
166,30,566,144,73,222,-1,-1,-1,-1
166,34,275,21,24,71,-1,-1,-1,-1
167,14,233,58,177,419,-1,-1,-1,-1
167,21,448,161,40,126,-1,-1,-1,-1
167,23,0,11,164,466,-1,-1,-1,-1
167,30,586,171,53,205,-1,-1,-1,-1
167,33,292,25,30,41,-1,-1,-1,-1
167,38,493,161,36,129,-1,-1,-1,-1
168,14,235,52,173,426,-1,-1,-1,-1
168,21,455,157,42,128,-1,-1,-1,-1
168,23,0,4,157,475,-1,-1,-1,-1
168,30,598,174,41,205,-1,-1,-1,-1
168,33,297,17,27,40,-1,-1,-1,-1
168,38,500,157,37,131,-1,-1,-1,-1
169,14,236,47,173,432,-1,-1,-1,-1
169,21,464,153,40,132,-1,-1,-1,-1
169,22,179,175,18,56,-1,-1,-1,-1
169,23,0,2,152,476,-1,-1,-1,-1
169,33,304,10,26,37,-1,-1,-1,-1
170,14,235,43,171,436,-1,-1,-1,-1
170,21,469,151,42,136,-1,-1,-1,-1
170,22,183,174,16,56,-1,-1,-1,-1
170,23,0,1,140,478,-1,-1,-1,-1
170,34,307,8,29,40,-1,-1,-1,-1
170,38,516,154,39,135,-1,-1,-1,-1
171,14,235,40,171,439,-1,-1,-1,-1
171,21,475,151,42,138,-1,-1,-1,-1
171,22,193,172,14,52,-1,-1,-1,-1
171,23,0,1,129,478,-1,-1,-1,-1
172,14,241,39,172,440,-1,-1,-1,-1
172,21,488,150,45,140,-1,-1,-1,-1
172,22,194,178,18,51,-1,-1,-1,-1
172,23,0,1,123,477,-1,-1,-1,-1
172,38,540,153,41,140,-1,-1,-1,-1
173,14,240,35,174,444,-1,-1,-1,-1
173,18,76,105,50,114,-1,-1,-1,-1
173,20,70,106,53,246,-1,-1,-1,-1
173,21,496,142,48,144,-1,-1,-1,-1
173,22,201,179,18,49,-1,-1,-1,-1
173,23,0,1,113,477,-1,-1,-1,-1
174,14,242,35,177,444,-1,-1,-1,-1
174,18,77,103,51,116,-1,-1,-1,-1
174,20,72,105,63,256,-1,-1,-1,-1
174,21,515,139,45,145,-1,-1,-1,-1
174,22,211,168,17,54,-1,-1,-1,-1
174,23,0,0,102,477,-1,-1,-1,-1
175,14,238,29,178,450,-1,-1,-1,-1
175,20,65,105,74,257,-1,-1,-1,-1
175,21,525,135,44,148,-1,-1,-1,-1
175,22,214,171,20,49,-1,-1,-1,-1
175,23,0,0,95,477,-1,-1,-1,-1
175,38,574,137,44,151,-1,-1,-1,-1
176,14,235,22,179,457,-1,-1,-1,-1
176,20,63,105,86,251,-1,-1,-1,-1
176,21,532,132,45,151,-1,-1,-1,-1
176,22,221,170,20,47,-1,-1,-1,-1
176,23,0,3,85,474,-1,-1,-1,-1
177,2,37,0,97,460,-1,-1,-1,-1
177,14,229,14,183,465,-1,-1,-1,-1
177,18,67,99,75,123,-1,-1,-1,-1
177,20,61,104,88,226,-1,-1,-1,-1
177,21,539,125,46,155,-1,-1,-1,-1
177,23,0,6,76,473,-1,-1,-1,-1
177,38,591,129,47,155,-1,-1,-1,-1
178,2,37,6,99,465,-1,-1,-1,-1
178,14,218,8,192,471,-1,-1,-1,-1
178,18,67,97,79,125,-1,-1,-1,-1
178,20,57,97,88,239,-1,-1,-1,-1
178,21,549,121,48,157,-1,-1,-1,-1
179,14,208,8,198,471,-1,-1,-1,-1
179,18,49,97,88,138,-1,-1,-1,-1
179,20,57,94,90,239,-1,-1,-1,-1
179,21,552,120,47,160,-1,-1,-1,-1
179,23,0,57,61,418,-1,-1,-1,-1
180,4,117,175,33,62,-1,-1,-1,-1
180,14,191,10,208,468,-1,-1,-1,-1
180,18,48,95,92,142,-1,-1,-1,-1
180,20,44,94,86,224,-1,-1,-1,-1
180,21,553,119,49,163,-1,-1,-1,-1
180,23,0,62,52,410,-1,-1,-1,-1
181,4,113,165,17,66,-1,-1,-1,-1
181,6,0,72,35,290,-1,-1,-1,-1
181,14,178,9,213,469,-1,-1,-1,-1
181,20,38,93,84,209,-1,-1,-1,-1
181,21,556,114,51,164,-1,-1,-1,-1
181,23,0,67,44,404,-1,-1,-1,-1
182,1,130,174,12,35,-1,-1,-1,-1
182,4,111,169,17,68,-1,-1,-1,-1
182,6,0,70,34,291,-1,-1,-1,-1
182,14,167,18,217,460,-1,-1,-1,-1
182,17,0,104,28,218,-1,-1,-1,-1
182,20,36,99,84,195,-1,-1,-1,-1
182,21,560,115,50,167,-1,-1,-1,-1
183,1,139,168,16,48,-1,-1,-1,-1
183,4,108,169,20,70,-1,-1,-1,-1
183,6,0,128,27,230,-1,-1,-1,-1
183,14,156,17,220,462,-1,-1,-1,-1
183,17,0,103,31,221,-1,-1,-1,-1
183,20,35,99,84,188,-1,-1,-1,-1
184,4,106,167,20,70,-1,-1,-1,-1
184,6,0,134,25,224,-1,-1,-1,-1
184,14,144,7,223,472,-1,-1,-1,-1
184,21,564,113,51,172,-1,-1,-1,-1
184,30,25,91,88,235,-1,-1,-1,-1
185,4,99,165,23,71,-1,-1,-1,-1
185,14,124,1,227,477,-1,-1,-1,-1
185,21,567,111,51,173,-1,-1,-1,-1
185,30,11,85,91,243,-1,-1,-1,-1
185,40,620,123,19,108,-1,-1,-1,-1
186,4,96,164,24,70,-1,-1,-1,-1
186,14,113,0,230,478,-1,-1,-1,-1
186,21,569,108,53,176,-1,-1,-1,-1
186,30,3,82,96,246,-1,-1,-1,-1
186,40,621,137,18,96,-1,-1,-1,-1
187,4,88,160,24,72,-1,-1,-1,-1
187,14,92,0,238,478,-1,-1,-1,-1
187,21,570,105,57,178,-1,-1,-1,-1
187,30,0,81,92,247,-1,-1,-1,-1
188,4,84,159,24,72,-1,-1,-1,-1
188,14,80,0,241,478,-1,-1,-1,-1
188,21,581,95,57,184,-1,-1,-1,-1
189,14,65,0,240,477,-1,-1,-1,-1
189,21,590,90,49,187,-1,-1,-1,-1
189,30,1,82,80,245,-1,-1,-1,-1
190,14,46,0,243,478,-1,-1,-1,-1
190,21,592,89,47,190,-1,-1,-1,-1
190,30,1,80,64,233,-1,-1,-1,-1
191,14,17,0,249,478,-1,-1,-1,-1
191,21,592,91,47,191,-1,-1,-1,-1
191,30,6,75,38,234,-1,-1,-1,-1
192,14,4,0,254,478,-1,-1,-1,-1
192,21,602,94,37,189,-1,-1,-1,-1
192,30,4,75,28,230,-1,-1,-1,-1
193,14,0,0,246,478,-1,-1,-1,-1
193,21,613,98,26,183,-1,-1,-1,-1
193,30,0,73,23,229,-1,-1,-1,-1
194,14,0,0,230,477,-1,-1,-1,-1
194,21,618,101,21,181,-1,-1,-1,-1
194,40,593,133,30,95,-1,-1,-1,-1
195,14,0,0,214,477,-1,-1,-1,-1
195,21,625,101,14,182,-1,-1,-1,-1
195,38,624,112,15,120,-1,-1,-1,-1
196,3,593,168,35,68,-1,-1,-1,-1
196,14,0,0,209,477,-1,-1,-1,-1
197,3,607,177,27,66,-1,-1,-1,-1
197,14,0,0,198,477,-1,-1,-1,-1
198,3,613,178,24,66,-1,-1,-1,-1
199,14,0,2,183,475,-1,-1,-1,-1
199,22,202,149,27,62,-1,-1,-1,-1
200,1,146,177,27,43,-1,-1,-1,-1
200,14,0,1,183,476,-1,-1,-1,-1
201,1,158,177,22,43,-1,-1,-1,-1
201,14,0,2,185,475,-1,-1,-1,-1
201,22,217,168,23,53,-1,-1,-1,-1
202,1,171,180,19,43,-1,-1,-1,-1
202,14,0,1,184,476,-1,-1,-1,-1
202,22,226,171,21,53,-1,-1,-1,-1
203,1,182,180,19,43,-1,-1,-1,-1
203,14,0,1,187,476,-1,-1,-1,-1
203,22,235,170,20,53,-1,-1,-1,-1
204,1,187,169,19,42,-1,-1,-1,-1
204,14,1,0,175,476,-1,-1,-1,-1
204,18,128,166,26,73,-1,-1,-1,-1
204,22,240,172,20,52,-1,-1,-1,-1
205,1,191,166,16,43,-1,-1,-1,-1
205,14,1,1,160,475,-1,-1,-1,-1
205,18,132,160,26,75,-1,-1,-1,-1
205,20,106,160,23,79,-1,-1,-1,-1
205,22,239,157,19,52,-1,-1,-1,-1
205,27,209,167,15,40,-1,-1,-1,-1
206,1,192,171,16,44,-1,-1,-1,-1
206,4,97,165,33,81,-1,-1,-1,-1
206,14,1,1,146,475,-1,-1,-1,-1
206,18,132,164,29,77,-1,-1,-1,-1
206,20,109,163,21,74,-1,-1,-1,-1
206,22,238,163,20,51,-1,-1,-1,-1
207,1,192,172,17,44,-1,-1,-1,-1
207,4,94,167,37,81,-1,-1,-1,-1
207,14,1,1,128,475,-1,-1,-1,-1
207,18,132,166,29,77,-1,-1,-1,-1
207,22,235,158,22,57,-1,-1,-1,-1
207,27,206,171,18,46,-1,-1,-1,-1
208,1,193,166,21,43,-1,-1,-1,-1
208,4,93,161,37,81,-1,-1,-1,-1
208,14,0,1,119,475,-1,-1,-1,-1
208,18,131,160,30,78,-1,-1,-1,-1
208,22,234,155,21,55,-1,-1,-1,-1
209,1,196,172,20,43,-1,-1,-1,-1
209,4,89,167,39,82,-1,-1,-1,-1
209,14,0,13,104,464,-1,-1,-1,-1
209,18,132,165,25,79,-1,-1,-1,-1
210,1,187,189,20,40,-1,-1,-1,-1
210,2,120,183,26,82,-1,-1,-1,-1
210,4,88,167,40,83,-1,-1,-1,-1
210,14,0,44,90,433,-1,-1,-1,-1
210,17,77,185,38,84,-1,-1,-1,-1
210,18,133,167,25,79,-1,-1,-1,-1
211,1,193,203,19,41,-1,-1,-1,-1
211,2,124,188,22,69,-1,-1,-1,-1
211,14,0,66,88,413,-1,-1,-1,-1
211,17,81,198,38,83,-1,-1,-1,-1
211,18,129,195,25,84,-1,-1,-1,-1
212,1,196,207,20,40,-1,-1,-1,-1
212,4,73,188,33,85,-1,-1,-1,-1
212,5,65,197,16,58,-1,-1,-1,-1
212,14,0,73,79,406,-1,-1,-1,-1
212,17,84,202,38,81,-1,-1,-1,-1
213,4,75,190,28,85,-1,-1,-1,-1
213,5,66,192,16,59,-1,-1,-1,-1
213,18,119,186,26,85,-1,-1,-1,-1
213,21,0,74,57,244,-1,-1,-1,-1
214,4,75,195,28,86,-1,-1,-1,-1
214,6,0,86,50,108,-1,-1,-1,-1
214,18,120,192,30,85,-1,-1,-1,-1
214,21,0,83,47,229,-1,-1,-1,-1
214,22,217,189,25,58,-1,-1,-1,-1
215,4,62,189,30,88,-1,-1,-1,-1
215,6,0,83,49,104,-1,-1,-1,-1
215,18,111,188,34,86,-1,-1,-1,-1
216,4,59,176,31,88,-1,-1,-1,-1
216,18,109,175,35,87,-1,-1,-1,-1
216,22,208,172,23,58,-1,-1,-1,-1
217,4,65,178,30,89,-1,-1,-1,-1
217,18,116,177,35,88,-1,-1,-1,-1
217,22,214,180,23,58,-1,-1,-1,-1
218,4,72,195,31,88,-1,-1,-1,-1
218,18,116,178,36,89,-1,-1,-1,-1
218,22,221,196,22,59,-1,-1,-1,-1
219,2,166,192,34,83,-1,-1,-1,-1
219,3,256,191,23,61,-1,-1,-1,-1
219,4,72,198,31,88,-1,-1,-1,-1
219,18,115,191,28,87,-1,-1,-1,-1
