3,1,220,162,23,65,-1,-1,-1,-1
3,2,820,181,35,96,-1,-1,-1,-1
3,3,289,169,24,70,-1,-1,-1,-1
3,4,313,170,66,135,-1,-1,-1,-1
3,5,468,170,39,94,-1,-1,-1,-1
3,6,318,168,26,78,-1,-1,-1,-1
3,7,249,170,19,56,-1,-1,-1,-1
3,8,769,165,39,124,-1,-1,-1,-1
4,1,219,162,25,65,-1,-1,-1,-1
4,2,823,183,37,98,-1,-1,-1,-1
4,3,288,168,26,62,-1,-1,-1,-1
4,4,288,182,68,132,-1,-1,-1,-1
4,5,469,166,44,99,-1,-1,-1,-1
4,6,316,168,28,83,-1,-1,-1,-1
4,7,250,169,18,58,-1,-1,-1,-1
4,8,775,166,41,127,-1,-1,-1,-1
5,1,220,163,24,66,-1,-1,-1,-1
5,2,829,177,36,112,-1,-1,-1,-1
5,3,342,172,14,59,-1,-1,-1,-1
5,4,258,179,70,149,-1,-1,-1,-1
5,5,473,171,46,95,-1,-1,-1,-1
5,6,329,175,20,60,-1,-1,-1,-1
5,7,251,173,17,54,-1,-1,-1,-1
5,8,782,165,39,128,-1,-1,-1,-1
6,1,219,163,24,68,-1,-1,-1,-1
6,2,834,175,35,113,-1,-1,-1,-1
6,3,348,169,15,61,-1,-1,-1,-1
6,4,225,180,84,159,-1,-1,-1,-1
6,5,484,171,35,94,-1,-1,-1,-1
6,6,329,170,20,64,-1,-1,-1,-1
6,7,251,173,16,54,-1,-1,-1,-1
6,8,792,165,36,127,-1,-1,-1,-1
7,1,219,163,24,68,-1,-1,-1,-1
7,2,845,170,31,118,-1,-1,-1,-1
7,3,351,169,15,59,-1,-1,-1,-1
7,4,183,180,98,168,-1,-1,-1,-1
7,5,489,172,33,94,-1,-1,-1,-1
7,6,331,167,22,69,-1,-1,-1,-1
7,7,312,168,19,59,-1,-1,-1,-1
7,8,796,163,42,131,-1,-1,-1,-1
8,1,252,167,24,66,-1,-1,-1,-1
8,2,848,175,37,111,-1,-1,-1,-1
8,3,315,168,16,62,-1,-1,-1,-1
8,4,134,178,113,183,-1,-1,-1,-1
8,5,489,168,47,98,-1,-1,-1,-1
8,6,340,170,17,65,-1,-1,-1,-1
8,7,327,171,19,63,-1,-1,-1,-1
8,8,796,153,54,139,-1,-1,-1,-1
8,15,291,170,25,68,-1,-1,-1,-1
9,1,252,167,25,64,-1,-1,-1,-1
9,2,850,179,51,113,-1,-1,-1,-1
9,3,285,170,16,56,-1,-1,-1,-1
9,4,69,180,138,195,-1,-1,-1,-1
9,5,493,173,48,96,-1,-1,-1,-1
9,6,336,171,18,65,-1,-1,-1,-1
9,7,319,166,17,63,-1,-1,-1,-1
9,8,798,167,59,127,-1,-1,-1,-1
9,15,294,169,24,71,-1,-1,-1,-1
10,1,253,168,24,62,-1,-1,-1,-1
10,2,851,174,56,121,-1,-1,-1,-1
10,3,285,170,17,62,-1,-1,-1,-1
10,4,0,179,154,199,-1,-1,-1,-1
10,5,499,171,40,96,-1,-1,-1,-1
10,6,336,167,24,67,-1,-1,-1,-1
10,7,317,163,17,64,-1,-1,-1,-1
10,8,804,167,56,130,-1,-1,-1,-1
10,15,297,168,26,68,-1,-1,-1,-1
10,18,217,162,25,69,-1,-1,-1,-1
11,1,252,167,24,63,-1,-1,-1,-1
11,2,852,178,62,117,-1,-1,-1,-1
11,3,286,170,16,63,-1,-1,-1,-1
11,4,0,192,85,184,-1,-1,-1,-1
11,5,511,168,32,100,-1,-1,-1,-1
11,6,339,173,24,66,-1,-1,-1,-1
11,7,323,169,21,61,-1,-1,-1,-1
11,8,827,165,39,133,-1,-1,-1,-1
11,15,299,167,28,71,-1,-1,-1,-1
11,18,216,163,27,70,-1,-1,-1,-1
12,1,252,168,24,62,-1,-1,-1,-1
12,2,864,177,50,118,-1,-1,-1,-1
12,3,286,169,16,64,-1,-1,-1,-1
12,4,0,194,47,189,-1,-1,-1,-1
12,5,520,167,36,102,-1,-1,-1,-1
12,6,338,171,24,70,-1,-1,-1,-1
12,7,331,168,21,62,-1,-1,-1,-1
12,8,834,164,38,136,-1,-1,-1,-1
13,1,251,169,24,65,-1,-1,-1,-1
13,2,882,175,38,120,-1,-1,-1,-1
13,3,285,171,18,62,-1,-1,-1,-1
13,5,526,167,43,104,-1,-1,-1,-1
13,6,337,169,25,72,-1,-1,-1,-1
13,7,323,167,16,64,-1,-1,-1,-1
13,8,840,165,43,138,-1,-1,-1,-1
13,15,298,166,33,77,-1,-1,-1,-1
13,18,218,164,26,66,-1,-1,-1,-1
14,1,251,169,25,66,-1,-1,-1,-1
14,2,889,177,38,121,-1,-1,-1,-1
14,3,285,169,19,65,-1,-1,-1,-1
14,5,530,169,46,104,-1,-1,-1,-1
14,6,340,170,24,73,-1,-1,-1,-1
14,7,326,169,17,60,-1,-1,-1,-1
14,8,840,167,55,139,-1,-1,-1,-1
14,15,301,165,31,77,-1,-1,-1,-1
14,18,219,162,25,70,-1,-1,-1,-1
15,1,252,168,24,67,-1,-1,-1,-1
15,2,891,176,55,121,-1,-1,-1,-1
15,3,286,167,18,68,-1,-1,-1,-1
15,5,533,169,47,105,-1,-1,-1,-1
15,6,339,171,26,72,-1,-1,-1,-1
15,7,332,168,17,62,-1,-1,-1,-1
15,8,847,167,54,141,-1,-1,-1,-1
15,15,302,164,29,78,-1,-1,-1,-1
16,1,252,168,26,67,-1,-1,-1,-1
16,2,894,178,58,122,-1,-1,-1,-1
16,3,284,167,23,67,-1,-1,-1,-1
16,5,544,168,36,105,-1,-1,-1,-1
16,6,341,166,25,76,-1,-1,-1,-1
16,8,866,164,40,141,-1,-1,-1,-1
16,15,305,166,25,78,-1,-1,-1,-1
16,18,219,163,27,70,-1,-1,-1,-1
17,1,253,171,25,65,-1,-1,-1,-1
17,2,900,173,55,129,-1,-1,-1,-1
17,3,289,171,20,64,-1,-1,-1,-1
17,5,549,167,33,107,-1,-1,-1,-1
17,6,343,166,27,78,-1,-1,-1,-1
17,7,339,167,16,73,-1,-1,-1,-1
17,8,877,162,38,146,-1,-1,-1,-1
17,15,306,165,26,81,-1,-1,-1,-1
17,18,220,165,24,70,-1,-1,-1,-1
18,1,255,168,22,69,-1,-1,-1,-1
18,2,922,179,35,125,-1,-1,-1,-1
18,3,288,169,20,65,-1,-1,-1,-1
18,5,552,169,45,108,-1,-1,-1,-1
18,6,352,172,24,72,-1,-1,-1,-1
18,7,343,168,21,74,-1,-1,-1,-1
18,8,882,162,45,148,-1,-1,-1,-1
18,15,306,167,29,78,-1,-1,-1,-1
18,18,219,164,27,72,-1,-1,-1,-1
19,1,254,168,25,70,-1,-1,-1,-1
19,2,934,172,31,129,-1,-1,-1,-1
19,3,289,170,21,66,-1,-1,-1,-1
19,5,554,169,49,110,-1,-1,-1,-1
19,6,355,171,21,67,-1,-1,-1,-1
19,7,341,167,21,68,-1,-1,-1,-1
19,8,883,165,67,147,-1,-1,-1,-1
19,15,308,169,30,78,-1,-1,-1,-1
19,18,219,164,26,71,-1,-1,-1,-1
20,1,255,167,23,70,-1,-1,-1,-1
20,2,940,179,45,125,-1,-1,-1,-1
20,3,287,171,22,66,-1,-1,-1,-1
20,5,556,173,47,108,-1,-1,-1,-1
20,6,358,173,23,71,-1,-1,-1,-1
20,7,340,168,23,68,-1,-1,-1,-1
20,8,883,171,78,145,-1,-1,-1,-1
20,15,313,169,27,76,-1,-1,-1,-1
20,18,220,164,27,72,-1,-1,-1,-1
20,23,383,168,12,39,-1,-1,-1,-1
21,1,257,169,23,67,-1,-1,-1,-1
21,2,948,180,57,126,-1,-1,-1,-1
21,3,293,169,18,68,-1,-1,-1,-1
21,5,570,169,41,110,-1,-1,-1,-1
21,6,357,171,34,76,-1,-1,-1,-1
21,7,340,167,20,67,-1,-1,-1,-1
21,8,892,166,75,150,-1,-1,-1,-1
21,15,317,168,25,77,-1,-1,-1,-1
21,18,220,163,25,74,-1,-1,-1,-1
21,23,384,168,11,38,-1,-1,-1,-1
22,1,258,172,21,66,-1,-1,-1,-1
22,2,953,170,59,140,-1,-1,-1,-1
22,3,293,169,20,69,-1,-1,-1,-1
22,5,579,170,32,111,-1,-1,-1,-1
22,6,358,174,30,73,-1,-1,-1,-1
22,7,343,167,18,66,-1,-1,-1,-1
22,8,909,164,59,152,-1,-1,-1,-1
22,15,318,167,30,78,-1,-1,-1,-1
22,18,220,164,25,75,-1,-1,-1,-1
23,1,259,172,25,69,-1,-1,-1,-1
23,2,953,175,65,138,-1,-1,-1,-1
23,3,286,168,16,70,-1,-1,-1,-1
23,5,585,168,38,113,-1,-1,-1,-1
23,6,364,169,23,76,-1,-1,-1,-1
23,7,343,167,17,67,-1,-1,-1,-1
23,8,929,157,49,157,-1,-1,-1,-1
23,15,320,169,35,77,-1,-1,-1,-1
23,18,219,165,29,76,-1,-1,-1,-1
23,26,545,172,10,22,-1,-1,-1,-1
24,1,259,170,27,69,-1,-1,-1,-1
24,2,984,173,34,138,-1,-1,-1,-1
24,3,284,168,17,70,-1,-1,-1,-1
24,5,588,172,44,111,-1,-1,-1,-1
24,6,367,168,23,79,-1,-1,-1,-1
24,7,343,168,17,68,-1,-1,-1,-1
24,8,938,163,57,157,-1,-1,-1,-1
24,15,322,169,32,83,-1,-1,-1,-1
24,18,220,165,31,74,-1,-1,-1,-1
24,23,189,170,13,33,-1,-1,-1,-1
24,26,546,172,9,21,-1,-1,-1,-1
25,1,262,171,23,70,-1,-1,-1,-1
25,2,992,174,35,127,-1,-1,-1,-1
25,3,298,168,22,72,-1,-1,-1,-1
25,5,596,167,49,116,-1,-1,-1,-1
25,6,367,174,31,75,-1,-1,-1,-1
25,7,343,171,17,67,-1,-1,-1,-1
25,8,938,164,78,157,-1,-1,-1,-1
25,15,323,168,35,84,-1,-1,-1,-1
25,18,222,165,29,75,-1,-1,-1,-1
25,23,188,171,13,31,-1,-1,-1,-1
26,1,263,170,22,71,-1,-1,-1,-1
26,2,1003,175,40,142,-1,-1,-1,-1
26,3,284,168,18,67,-1,-1,-1,-1
26,5,604,168,46,113,-1,-1,-1,-1
26,6,368,170,31,80,-1,-1,-1,-1
26,7,330,171,24,68,-1,-1,-1,-1
26,8,941,180,88,145,-1,-1,-1,-1
26,15,300,167,23,72,-1,-1,-1,-1
26,18,221,164,32,77,-1,-1,-1,-1
26,23,188,171,13,32,-1,-1,-1,-1
27,1,263,170,24,72,-1,-1,-1,-1
27,2,1013,176,59,143,-1,-1,-1,-1
27,3,282,171,19,65,-1,-1,-1,-1
27,5,617,167,36,115,-1,-1,-1,-1
27,6,372,172,31,79,-1,-1,-1,-1
27,7,325,169,17,69,-1,-1,-1,-1
27,8,955,163,79,162,-1,-1,-1,-1
27,15,301,169,23,70,-1,-1,-1,-1
27,18,222,165,31,77,-1,-1,-1,-1
27,23,188,171,13,31,-1,-1,-1,-1
28,1,264,169,24,72,-1,-1,-1,-1
28,2,1016,174,66,145,-1,-1,-1,-1
28,3,283,167,17,67,-1,-1,-1,-1
28,5,617,166,52,117,-1,-1,-1,-1
28,6,379,172,26,79,-1,-1,-1,-1
28,7,322,167,19,70,-1,-1,-1,-1
28,8,976,162,64,162,-1,-1,-1,-1
28,15,303,170,22,71,-1,-1,-1,-1
28,18,223,166,28,78,-1,-1,-1,-1
28,23,179,171,13,31,-1,-1,-1,-1
29,1,265,168,28,74,-1,-1,-1,-1
29,2,1013,172,71,151,-1,-1,-1,-1
29,3,287,168,22,67,-1,-1,-1,-1
29,5,620,171,60,117,-1,-1,-1,-1
29,6,385,172,27,81,-1,-1,-1,-1
29,7,321,168,25,75,-1,-1,-1,-1
29,8,996,164,58,162,-1,-1,-1,-1
29,15,305,173,23,71,-1,-1,-1,-1
29,18,223,165,29,80,-1,-1,-1,-1
29,23,197,172,13,30,-1,-1,-1,-1
29,26,199,170,12,20,-1,-1,-1,-1
29,33,332,168,29,85,-1,-1,-1,-1
30,1,269,167,25,75,-1,-1,-1,-1
30,2,1047,172,38,152,-1,-1,-1,-1
30,3,289,168,22,67,-1,-1,-1,-1
30,5,628,170,58,120,-1,-1,-1,-1
30,6,387,174,38,78,-1,-1,-1,-1
30,7,322,166,19,73,-1,-1,-1,-1
30,8,1002,179,72,148,-1,-1,-1,-1
30,15,308,172,19,71,-1,-1,-1,-1
30,18,222,163,32,73,-1,-1,-1,-1
30,23,197,171,13,32,-1,-1,-1,-1
30,26,153,170,12,19,-1,-1,-1,-1
30,33,333,168,31,86,-1,-1,-1,-1
31,1,273,166,22,76,-1,-1,-1,-1
31,2,1057,172,44,140,-1,-1,-1,-1
31,3,291,167,18,71,-1,-1,-1,-1
31,5,645,165,41,124,-1,-1,-1,-1
31,6,390,174,39,78,-1,-1,-1,-1
31,7,322,166,19,73,-1,-1,-1,-1
31,8,1004,165,97,164,-1,-1,-1,-1
31,15,309,170,20,72,-1,-1,-1,-1
31,18,226,165,29,79,-1,-1,-1,-1
31,23,197,169,13,34,-1,-1,-1,-1
32,1,274,165,24,78,-1,-1,-1,-1
32,2,1074,176,53,146,-1,-1,-1,-1
32,3,297,167,17,72,-1,-1,-1,-1
32,5,654,165,45,125,-1,-1,-1,-1
32,6,394,174,34,78,-1,-1,-1,-1
32,7,340,170,18,81,-1,-1,-1,-1
32,8,1008,164,94,168,-1,-1,-1,-1
32,15,310,173,23,71,-1,-1,-1,-1
32,18,227,166,31,80,-1,-1,-1,-1
32,23,197,170,14,34,-1,-1,-1,-1
32,33,343,171,30,83,-1,-1,-1,-1
33,1,274,165,26,79,-1,-1,-1,-1
33,2,1085,177,61,150,-1,-1,-1,-1
33,3,298,169,18,69,-1,-1,-1,-1
33,5,664,167,41,125,-1,-1,-1,-1
33,6,400,171,26,81,-1,-1,-1,-1
33,7,344,169,21,86,-1,-1,-1,-1
33,8,1024,163,81,169,-1,-1,-1,-1
33,15,312,174,23,70,-1,-1,-1,-1
33,18,230,167,30,80,-1,-1,-1,-1
33,23,196,169,15,35,-1,-1,-1,-1
33,33,345,168,38,88,-1,-1,-1,-1
34,1,277,166,24,79,-1,-1,-1,-1
34,2,1090,176,70,154,-1,-1,-1,-1
34,3,300,168,19,73,-1,-1,-1,-1
34,5,667,171,51,124,-1,-1,-1,-1
34,6,402,170,28,83,-1,-1,-1,-1
34,7,345,169,23,88,-1,-1,-1,-1
34,8,1050,162,61,169,-1,-1,-1,-1
34,15,315,173,23,72,-1,-1,-1,-1
34,18,230,166,32,81,-1,-1,-1,-1
34,23,197,169,14,35,-1,-1,-1,-1
35,1,277,164,26,81,-1,-1,-1,-1
35,2,1111,177,50,154,-1,-1,-1,-1
35,3,298,167,21,73,-1,-1,-1,-1
35,5,676,165,48,129,-1,-1,-1,-1
35,6,403,170,36,83,-1,-1,-1,-1
35,7,340,166,19,73,-1,-1,-1,-1
35,8,1076,162,50,171,-1,-1,-1,-1
35,15,319,169,23,77,-1,-1,-1,-1
35,18,234,166,32,80,-1,-1,-1,-1
35,23,197,170,14,33,-1,-1,-1,-1
35,33,352,171,40,86,-1,-1,-1,-1
36,1,275,163,21,73,-1,-1,-1,-1
36,2,1126,169,42,171,-1,-1,-1,-1
36,3,285,173,25,71,-1,-1,-1,-1
36,5,696,164,36,130,-1,-1,-1,-1
36,6,404,174,38,80,-1,-1,-1,-1
36,7,342,165,20,74,-1,-1,-1,-1
36,8,1074,163,82,175,-1,-1,-1,-1
36,15,320,168,24,78,-1,-1,-1,-1
36,18,243,167,25,79,-1,-1,-1,-1
36,23,197,170,13,33,-1,-1,-1,-1
36,33,356,169,33,88,-1,-1,-1,-1
37,1,286,169,30,78,-1,-1,-1,-1
37,2,1139,174,41,138,-1,-1,-1,-1
37,3,327,175,22,70,-1,-1,-1,-1
37,5,697,165,46,130,-1,-1,-1,-1
37,6,408,175,34,79,-1,-1,-1,-1
37,7,344,170,21,71,-1,-1,-1,-1
37,8,1074,164,111,178,-1,-1,-1,-1
37,15,319,169,21,79,-1,-1,-1,-1
37,18,242,167,30,83,-1,-1,-1,-1
37,23,198,170,14,33,-1,-1,-1,-1
37,33,363,168,27,88,-1,-1,-1,-1
38,1,288,167,31,80,-1,-1,-1,-1
38,2,1140,170,72,167,-1,-1,-1,-1
38,3,320,171,19,70,-1,-1,-1,-1
38,5,698,168,69,130,-1,-1,-1,-1
38,6,416,173,28,80,-1,-1,-1,-1
38,7,347,169,19,71,-1,-1,-1,-1
38,8,1083,164,99,181,-1,-1,-1,-1
38,15,327,174,26,73,-1,-1,-1,-1
38,18,245,166,30,83,-1,-1,-1,-1
38,23,197,170,13,33,-1,-1,-1,-1
38,33,365,168,29,90,-1,-1,-1,-1
39,1,289,168,32,83,-1,-1,-1,-1
39,2,1157,170,83,176,-1,-1,-1,-1
39,3,320,167,20,70,-1,-1,-1,-1
39,5,707,169,69,130,-1,-1,-1,-1
39,6,425,173,28,81,-1,-1,-1,-1
39,7,349,166,19,75,-1,-1,-1,-1
39,8,1136,163,54,183,-1,-1,-1,-1
39,15,329,176,27,72,-1,-1,-1,-1
39,18,247,167,31,83,-1,-1,-1,-1
39,33,365,168,42,90,-1,-1,-1,-1
40,1,291,166,30,85,-1,-1,-1,-1
40,2,1126,162,119,185,-1,-1,-1,-1
40,3,277,163,20,76,-1,-1,-1,-1
40,5,716,166,61,133,-1,-1,-1,-1
40,6,427,173,29,82,-1,-1,-1,-1
40,7,320,167,22,79,-1,-1,-1,-1
40,8,1148,162,57,187,-1,-1,-1,-1
40,15,333,177,25,72,-1,-1,-1,-1
40,18,249,167,32,84,-1,-1,-1,-1
41,1,294,168,29,82,-1,-1,-1,-1
41,2,1191,179,53,170,-1,-1,-1,-1
41,3,277,166,18,72,-1,-1,-1,-1
41,5,742,164,40,135,-1,-1,-1,-1
41,6,431,175,27,81,-1,-1,-1,-1
41,7,352,168,17,73,-1,-1,-1,-1
41,8,1153,162,71,187,-1,-1,-1,-1
41,15,335,176,23,73,-1,-1,-1,-1
41,18,256,166,26,84,-1,-1,-1,-1
41,33,374,170,33,89,-1,-1,-1,-1
42,1,298,169,28,82,-1,-1,-1,-1
42,2,1153,179,93,169,-1,-1,-1,-1
42,3,310,170,18,68,-1,-1,-1,-1
42,5,749,165,42,137,-1,-1,-1,-1
42,6,435,174,26,83,-1,-1,-1,-1
42,7,353,168,21,70,-1,-1,-1,-1
42,8,1175,158,72,114,-1,-1,-1,-1
42,15,338,176,22,75,-1,-1,-1,-1
42,18,258,167,27,84,-1,-1,-1,-1
42,33,382,169,30,90,-1,-1,-1,-1
43,1,298,168,23,83,-1,-1,-1,-1
43,2,1157,166,90,181,-1,-1,-1,-1
43,3,304,171,26,82,-1,-1,-1,-1
43,5,757,167,54,135,-1,-1,-1,-1
43,6,441,173,23,83,-1,-1,-1,-1
43,7,331,174,20,74,-1,-1,-1,-1
43,8,1188,157,59,108,-1,-1,-1,-1
43,15,343,173,25,77,-1,-1,-1,-1
43,18,257,168,38,84,-1,-1,-1,-1
44,1,303,172,30,83,-1,-1,-1,-1
44,2,1178,161,69,186,-1,-1,-1,-1
44,3,305,171,28,84,-1,-1,-1,-1
44,5,759,169,65,140,-1,-1,-1,-1
44,6,446,173,28,83,-1,-1,-1,-1
44,7,331,172,17,74,-1,-1,-1,-1
44,15,343,172,31,79,-1,-1,-1,-1
44,18,259,170,38,84,-1,-1,-1,-1
45,1,334,173,22,78,-1,-1,-1,-1
45,2,1211,172,36,182,-1,-1,-1,-1
45,3,310,171,30,83,-1,-1,-1,-1
45,5,771,154,61,156,-1,-1,-1,-1
45,6,448,173,29,84,-1,-1,-1,-1
45,7,300,171,18,67,-1,-1,-1,-1
45,15,348,177,28,75,-1,-1,-1,-1
45,18,261,167,38,87,-1,-1,-1,-1
45,33,394,169,40,94,-1,-1,-1,-1
46,1,318,172,24,82,-1,-1,-1,-1
46,2,1219,172,28,185,-1,-1,-1,-1
46,3,313,172,30,83,-1,-1,-1,-1
46,5,780,141,57,169,-1,-1,-1,-1
46,6,448,174,41,84,-1,-1,-1,-1
46,7,303,170,19,71,-1,-1,-1,-1
46,15,350,175,24,77,-1,-1,-1,-1
46,18,269,166,34,89,-1,-1,-1,-1
47,1,320,171,26,84,-1,-1,-1,-1
47,3,346,168,21,79,-1,-1,-1,-1
47,5,799,166,57,147,-1,-1,-1,-1
47,6,450,177,44,82,-1,-1,-1,-1
47,7,305,169,21,74,-1,-1,-1,-1
47,15,356,176,25,78,-1,-1,-1,-1
47,18,273,166,35,90,-1,-1,-1,-1
47,33,406,167,35,96,-1,-1,-1,-1
48,1,323,170,31,86,-1,-1,-1,-1
48,3,349,169,22,80,-1,-1,-1,-1
48,5,805,167,77,148,-1,-1,-1,-1
48,6,457,173,37,85,-1,-1,-1,-1
48,7,308,166,19,78,-1,-1,-1,-1
48,15,361,177,24,78,-1,-1,-1,-1
48,18,277,167,34,90,-1,-1,-1,-1
48,33,411,168,31,95,-1,-1,-1,-1
49,1,325,173,33,85,-1,-1,-1,-1
49,3,354,168,23,82,-1,-1,-1,-1
49,5,812,168,89,149,-1,-1,-1,-1
49,6,467,172,29,87,-1,-1,-1,-1
49,7,311,167,20,79,-1,-1,-1,-1
49,15,365,178,26,78,-1,-1,-1,-1
49,18,281,166,32,92,-1,-1,-1,-1
50,1,327,174,32,84,-1,-1,-1,-1
50,3,355,170,21,82,-1,-1,-1,-1
50,5,824,171,78,147,-1,-1,-1,-1
50,6,470,170,26,91,-1,-1,-1,-1
50,7,315,169,20,79,-1,-1,-1,-1
50,15,369,178,25,79,-1,-1,-1,-1
50,18,285,165,31,95,-1,-1,-1,-1
50,33,415,168,42,98,-1,-1,-1,-1
51,1,334,172,28,84,-1,-1,-1,-1
51,3,358,168,19,78,-1,-1,-1,-1
51,5,850,167,58,150,-1,-1,-1,-1
51,6,471,174,32,87,-1,-1,-1,-1
51,7,315,167,22,76,-1,-1,-1,-1
51,15,372,175,26,81,-1,-1,-1,-1
51,18,288,166,31,94,-1,-1,-1,-1
51,33,417,168,41,98,-1,-1,-1,-1
52,1,340,172,27,86,-1,-1,-1,-1
52,3,362,170,19,78,-1,-1,-1,-1
52,5,871,166,57,154,-1,-1,-1,-1
52,6,476,174,30,88,-1,-1,-1,-1
52,7,319,170,21,76,-1,-1,-1,-1
52,15,377,175,24,82,-1,-1,-1,-1
52,18,290,166,34,90,-1,-1,-1,-1
52,33,424,168,36,97,-1,-1,-1,-1
53,1,345,171,28,88,-1,-1,-1,-1
53,2,876,212,78,114,-1,-1,-1,-1
53,3,369,173,18,82,-1,-1,-1,-1
53,5,881,166,61,156,-1,-1,-1,-1
53,6,486,175,24,88,-1,-1,-1,-1
53,7,329,170,21,75,-1,-1,-1,-1
53,15,379,177,34,81,-1,-1,-1,-1
53,18,294,167,36,93,-1,-1,-1,-1
54,1,348,172,29,88,-1,-1,-1,-1
54,2,855,215,79,110,-1,-1,-1,-1
54,3,373,173,19,83,-1,-1,-1,-1
54,5,879,165,91,164,-1,-1,-1,-1
54,6,490,182,26,81,-1,-1,-1,-1
54,7,334,168,23,75,-1,-1,-1,-1
54,15,383,178,32,80,-1,-1,-1,-1
54,18,295,168,45,94,-1,-1,-1,-1
55,1,350,174,30,87,-1,-1,-1,-1
55,5,895,165,90,164,-1,-1,-1,-1
55,6,493,173,31,90,-1,-1,-1,-1
55,7,338,167,23,75,-1,-1,-1,-1
55,15,383,178,32,79,-1,-1,-1,-1
55,18,299,171,42,94,-1,-1,-1,-1
55,23,296,164,16,37,-1,-1,-1,-1
56,1,354,169,31,93,-1,-1,-1,-1
56,3,293,167,25,77,-1,-1,-1,-1
56,5,924,165,57,164,-1,-1,-1,-1
56,6,494,173,40,92,-1,-1,-1,-1
56,7,342,168,19,74,-1,-1,-1,-1
56,15,393,176,26,83,-1,-1,-1,-1
56,18,304,169,41,96,-1,-1,-1,-1
56,33,448,169,44,100,-1,-1,-1,-1
57,1,361,167,29,95,-1,-1,-1,-1
57,3,296,167,26,77,-1,-1,-1,-1
57,5,945,160,60,170,-1,-1,-1,-1
57,6,495,175,43,90,-1,-1,-1,-1
57,7,344,169,17,76,-1,-1,-1,-1
57,8,196,162,13,30,-1,-1,-1,-1
57,15,398,175,27,85,-1,-1,-1,-1
57,18,313,168,36,97,-1,-1,-1,-1
57,23,289,164,16,41,-1,-1,-1,-1
57,33,455,169,41,101,-1,-1,-1,-1
58,1,362,170,33,92,-1,-1,-1,-1
58,3,303,165,21,79,-1,-1,-1,-1
58,5,944,165,109,170,-1,-1,-1,-1
58,6,501,177,37,88,-1,-1,-1,-1
58,7,346,169,19,77,-1,-1,-1,-1
58,8,139,163,11,24,-1,-1,-1,-1
58,15,402,179,24,81,-1,-1,-1,-1
58,18,316,167,35,99,-1,-1,-1,-1
58,23,286,164,17,41,-1,-1,-1,-1
58,33,461,167,34,103,-1,-1,-1,-1
59,1,365,169,39,94,-1,-1,-1,-1
59,3,306,161,21,83,-1,-1,-1,-1
59,4,194,162,15,39,-1,-1,-1,-1
59,5,950,167,116,171,-1,-1,-1,-1
59,6,514,175,31,90,-1,-1,-1,-1
59,7,350,170,19,75,-1,-1,-1,-1
59,15,404,179,28,82,-1,-1,-1,-1
59,18,320,169,35,97,-1,-1,-1,-1
59,23,285,164,18,41,-1,-1,-1,-1
59,33,466,167,33,104,-1,-1,-1,-1
60,1,365,171,40,94,-1,-1,-1,-1
60,3,307,162,24,84,-1,-1,-1,-1
60,4,196,163,14,37,-1,-1,-1,-1
60,5,965,181,104,160,-1,-1,-1,-1
60,6,519,174,31,93,-1,-1,-1,-1
60,7,354,173,20,72,-1,-1,-1,-1
60,8,178,171,13,21,-1,-1,-1,-1
60,15,408,178,28,83,-1,-1,-1,-1
60,18,325,170,33,97,-1,-1,-1,-1
60,23,284,164,17,40,-1,-1,-1,-1
60,33,469,168,38,106,-1,-1,-1,-1
61,1,381,173,26,91,-1,-1,-1,-1
61,2,370,169,22,84,-1,-1,-1,-1
61,3,308,168,27,80,-1,-1,-1,-1
61,4,196,162,15,41,-1,-1,-1,-1
61,5,998,159,74,182,-1,-1,-1,-1
61,6,518,175,45,91,-1,-1,-1,-1
61,7,357,174,19,71,-1,-1,-1,-1
61,8,171,171,13,18,-1,-1,-1,-1
61,15,414,176,26,85,-1,-1,-1,-1
61,18,329,170,35,99,-1,-1,-1,-1
62,1,385,168,26,97,-1,-1,-1,-1
62,2,313,166,22,80,-1,-1,-1,-1
62,3,309,168,28,81,-1,-1,-1,-1
62,4,195,161,15,42,-1,-1,-1,-1
62,5,1022,154,76,191,-1,-1,-1,-1
62,6,525,177,41,91,-1,-1,-1,-1
62,7,363,175,22,73,-1,-1,-1,-1
62,15,417,178,26,84,-1,-1,-1,-1
62,18,336,169,33,98,-1,-1,-1,-1
62,23,282,162,16,43,-1,-1,-1,-1
63,1,386,169,30,98,-1,-1,-1,-1
63,3,313,167,26,82,-1,-1,-1,-1
63,4,195,162,15,41,-1,-1,-1,-1
63,5,1033,158,109,189,-1,-1,-1,-1
63,6,533,175,34,93,-1,-1,-1,-1
63,7,365,175,24,74,-1,-1,-1,-1
63,15,419,179,36,84,-1,-1,-1,-1
63,18,338,169,36,99,-1,-1,-1,-1
63,23,281,163,17,42,-1,-1,-1,-1
63,33,483,172,38,101,-1,-1,-1,-1
64,1,392,172,31,94,-1,-1,-1,-1
64,3,315,167,30,79,-1,-1,-1,-1
64,4,196,162,14,41,-1,-1,-1,-1
64,5,1035,156,125,199,-1,-1,-1,-1
64,6,539,174,28,95,-1,-1,-1,-1
64,7,337,170,22,82,-1,-1,-1,-1
64,15,420,182,37,83,-1,-1,-1,-1
64,18,342,169,40,101,-1,-1,-1,-1
64,23,280,163,17,40,-1,-1,-1,-1
64,33,495,166,34,108,-1,-1,-1,-1
65,1,389,169,38,97,-1,-1,-1,-1
65,2,321,169,21,78,-1,-1,-1,-1
65,3,329,170,29,80,-1,-1,-1,-1
65,4,197,161,15,42,-1,-1,-1,-1
65,5,1055,158,114,198,-1,-1,-1,-1
65,6,543,174,30,96,-1,-1,-1,-1
65,7,384,170,26,85,-1,-1,-1,-1
65,15,425,180,32,84,-1,-1,-1,-1
65,18,345,168,47,103,-1,-1,-1,-1
65,23,277,164,17,38,-1,-1,-1,-1
65,33,497,167,45,109,-1,-1,-1,-1
65,46,304,166,15,40,-1,-1,-1,-1
66,1,401,172,31,97,-1,-1,-1,-1
66,2,322,168,25,82,-1,-1,-1,-1
66,3,340,169,21,82,-1,-1,-1,-1
66,4,198,161,15,42,-1,-1,-1,-1
66,5,1091,168,75,187,-1,-1,-1,-1
66,6,542,176,47,95,-1,-1,-1,-1
66,7,389,170,25,91,-1,-1,-1,-1
66,15,435,179,28,85,-1,-1,-1,-1
66,18,347,169,46,104,-1,-1,-1,-1
66,23,278,164,15,38,-1,-1,-1,-1
66,33,500,168,52,107,-1,-1,-1,-1
66,46,301,166,15,40,-1,-1,-1,-1
67,1,408,171,26,97,-1,-1,-1,-1
67,2,322,169,29,86,-1,-1,-1,-1
67,3,342,167,21,88,-1,-1,-1,-1
67,4,200,161,14,41,-1,-1,-1,-1
67,5,1127,158,68,200,-1,-1,-1,-1
67,6,543,178,50,95,-1,-1,-1,-1
67,7,392,166,24,89,-1,-1,-1,-1
67,15,440,176,32,90,-1,-1,-1,-1
67,18,354,168,41,104,-1,-1,-1,-1
67,23,278,163,13,40,-1,-1,-1,-1
67,33,505,169,49,109,-1,-1,-1,-1
68,1,414,171,25,97,-1,-1,-1,-1
68,2,325,169,34,87,-1,-1,-1,-1
68,3,343,168,24,87,-1,-1,-1,-1
68,5,1124,157,118,204,-1,-1,-1,-1
68,6,550,178,44,94,-1,-1,-1,-1
68,7,398,166,24,90,-1,-1,-1,-1
68,15,444,175,36,92,-1,-1,-1,-1
68,18,366,168,36,104,-1,-1,-1,-1
68,23,276,163,14,40,-1,-1,-1,-1
68,33,514,169,47,110,-1,-1,-1,-1
68,46,301,166,16,41,-1,-1,-1,-1
69,1,414,171,34,99,-1,-1,-1,-1
69,2,314,168,35,87,-1,-1,-1,-1
69,3,335,171,33,88,-1,-1,-1,-1
69,5,1128,165,119,203,-1,-1,-1,-1
69,6,566,174,33,97,-1,-1,-1,-1
69,7,402,167,23,88,-1,-1,-1,-1
69,15,447,177,38,92,-1,-1,-1,-1
69,18,370,168,38,104,-1,-1,-1,-1
69,23,275,163,14,43,-1,-1,-1,-1
69,33,522,167,38,110,-1,-1,-1,-1
69,46,300,166,15,41,-1,-1,-1,-1
70,1,418,173,38,99,-1,-1,-1,-1
70,2,353,170,22,83,-1,-1,-1,-1
70,3,336,171,37,89,-1,-1,-1,-1
70,4,198,161,18,39,-1,-1,-1,-1
70,5,1146,161,101,198,-1,-1,-1,-1
70,6,575,174,36,99,-1,-1,-1,-1
70,7,408,167,22,89,-1,-1,-1,-1
70,15,455,177,33,92,-1,-1,-1,-1
70,18,375,168,41,103,-1,-1,-1,-1
70,23,274,162,15,43,-1,-1,-1,-1
70,33,529,169,36,111,-1,-1,-1,-1
70,46,299,165,17,43,-1,-1,-1,-1
71,1,419,172,40,100,-1,-1,-1,-1
71,2,367,168,23,84,-1,-1,-1,-1
71,3,337,168,39,88,-1,-1,-1,-1
71,4,199,163,16,41,-1,-1,-1,-1
71,5,1189,173,58,192,-1,-1,-1,-1
71,6,578,173,50,103,-1,-1,-1,-1
71,7,404,167,29,88,-1,-1,-1,-1
71,15,463,178,28,91,-1,-1,-1,-1
71,18,378,170,40,108,-1,-1,-1,-1
71,23,298,165,17,42,-1,-1,-1,-1
71,26,274,164,13,40,-1,-1,-1,-1
71,33,529,169,48,111,-1,-1,-1,-1
71,46,315,166,15,48,-1,-1,-1,-1
72,1,426,173,37,99,-1,-1,-1,-1
72,2,369,169,26,84,-1,-1,-1,-1
72,3,340,169,33,89,-1,-1,-1,-1
72,4,198,163,17,41,-1,-1,-1,-1
72,5,1204,174,43,194,-1,-1,-1,-1
72,6,580,174,56,104,-1,-1,-1,-1
72,7,412,168,27,88,-1,-1,-1,-1
72,15,467,182,36,87,-1,-1,-1,-1
72,18,381,169,41,110,-1,-1,-1,-1
72,23,299,166,16,41,-1,-1,-1,-1
72,26,270,162,16,42,-1,-1,-1,-1
73,1,438,172,33,103,-1,-1,-1,-1
73,2,373,168,26,83,-1,-1,-1,-1
73,3,341,169,37,93,-1,-1,-1,-1
73,4,197,162,16,43,-1,-1,-1,-1
73,6,586,174,52,104,-1,-1,-1,-1
73,7,418,166,23,91,-1,-1,-1,-1
73,15,468,178,45,91,-1,-1,-1,-1
73,18,386,168,38,109,-1,-1,-1,-1
73,23,298,166,15,42,-1,-1,-1,-1
73,26,268,162,16,43,-1,-1,-1,-1
73,33,537,167,50,115,-1,-1,-1,-1
73,46,313,163,18,50,-1,-1,-1,-1
74,1,442,171,33,103,-1,-1,-1,-1
74,2,371,168,27,81,-1,-1,-1,-1
74,3,344,169,40,94,-1,-1,-1,-1
74,4,196,161,18,45,-1,-1,-1,-1
74,6,600,171,35,106,-1,-1,-1,-1
74,7,421,166,22,91,-1,-1,-1,-1
74,15,470,180,46,90,-1,-1,-1,-1
74,18,391,168,37,109,-1,-1,-1,-1
74,23,298,165,16,44,-1,-1,-1,-1
74,26,265,161,18,45,-1,-1,-1,-1
74,33,549,168,43,114,-1,-1,-1,-1
75,1,446,176,35,99,-1,-1,-1,-1
75,2,344,168,32,89,-1,-1,-1,-1
75,3,366,169,24,91,-1,-1,-1,-1
75,4,195,161,19,44,-1,-1,-1,-1
75,6,605,170,32,107,-1,-1,-1,-1
75,7,383,167,24,86,-1,-1,-1,-1
75,15,480,177,36,93,-1,-1,-1,-1
75,18,397,169,40,111,-1,-1,-1,-1
75,23,296,166,17,45,-1,-1,-1,-1
75,26,264,161,19,45,-1,-1,-1,-1
75,33,565,166,34,115,-1,-1,-1,-1
75,46,307,164,21,52,-1,-1,-1,-1
75,50,535,172,18,44,-1,-1,-1,-1
76,1,447,178,39,98,-1,-1,-1,-1
76,2,346,168,29,93,-1,-1,-1,-1
76,3,361,169,27,94,-1,-1,-1,-1
76,4,195,161,19,44,-1,-1,-1,-1
76,6,606,171,47,108,-1,-1,-1,-1
76,7,386,168,26,86,-1,-1,-1,-1
76,15,492,177,32,93,-1,-1,-1,-1
76,18,397,170,52,112,-1,-1,-1,-1
76,23,295,164,16,47,-1,-1,-1,-1
76,26,263,160,19,46,-1,-1,-1,-1
76,33,569,168,44,118,-1,-1,-1,-1
76,46,304,165,22,53,-1,-1,-1,-1
76,50,538,173,15,41,-1,-1,-1,-1
77,1,457,174,33,103,-1,-1,-1,-1
77,2,349,168,32,92,-1,-1,-1,-1
77,3,370,168,27,96,-1,-1,-1,-1
77,4,195,161,20,43,-1,-1,-1,-1
77,6,607,178,52,102,-1,-1,-1,-1
77,7,395,168,25,85,-1,-1,-1,-1
77,15,500,176,32,97,-1,-1,-1,-1
77,18,401,170,52,113,-1,-1,-1,-1
77,23,293,165,17,47,-1,-1,-1,-1
77,26,261,161,21,45,-1,-1,-1,-1
77,33,570,174,60,111,-1,-1,-1,-1
77,46,304,165,20,53,-1,-1,-1,-1
77,50,541,173,15,40,-1,-1,-1,-1
78,1,469,172,26,105,-1,-1,-1,-1
78,2,352,167,30,92,-1,-1,-1,-1
78,3,370,169,32,97,-1,-1,-1,-1
78,4,195,161,20,43,-1,-1,-1,-1
78,6,615,173,44,106,-1,-1,-1,-1
78,7,399,169,25,86,-1,-1,-1,-1
78,15,503,179,37,96,-1,-1,-1,-1
78,18,408,168,48,115,-1,-1,-1,-1
78,23,292,165,17,44,-1,-1,-1,-1
78,26,263,161,18,44,-1,-1,-1,-1
78,33,576,175,60,114,-1,-1,-1,-1
78,46,303,165,20,53,-1,-1,-1,-1
78,50,543,174,14,39,-1,-1,-1,-1
79,1,473,174,29,104,-1,-1,-1,-1
79,2,357,168,27,91,-1,-1,-1,-1
79,3,367,169,41,98,-1,-1,-1,-1
79,4,196,162,18,42,-1,-1,-1,-1
79,6,626,171,38,108,-1,-1,-1,-1
79,7,399,170,27,85,-1,-1,-1,-1
79,15,505,181,41,95,-1,-1,-1,-1
79,18,421,167,38,117,-1,-1,-1,-1
79,23,292,166,16,43,-1,-1,-1,-1
79,26,263,161,17,44,-1,-1,-1,-1
79,33,588,169,48,118,-1,-1,-1,-1
79,46,303,169,14,49,-1,-1,-1,-1
80,1,472,177,43,101,-1,-1,-1,-1
80,2,361,169,31,91,-1,-1,-1,-1
80,3,372,169,39,98,-1,-1,-1,-1
80,4,196,161,19,44,-1,-1,-1,-1
80,6,642,170,36,108,-1,-1,-1,-1
80,7,404,168,26,85,-1,-1,-1,-1
80,15,513,181,36,95,-1,-1,-1,-1
80,18,429,167,38,118,-1,-1,-1,-1
80,23,292,166,16,44,-1,-1,-1,-1
80,26,261,161,18,45,-1,-1,-1,-1
80,33,602,167,35,121,-1,-1,-1,-1
81,1,476,174,41,107,-1,-1,-1,-1
81,2,365,168,30,91,-1,-1,-1,-1
81,3,385,167,29,87,-1,-1,-1,-1
81,4,197,161,17,44,-1,-1,-1,-1
81,6,647,172,47,110,-1,-1,-1,-1
81,7,409,168,25,87,-1,-1,-1,-1
81,15,522,181,30,94,-1,-1,-1,-1
81,18,434,168,39,118,-1,-1,-1,-1
81,26,261,161,17,47,-1,-1,-1,-1
81,33,604,165,45,123,-1,-1,-1,-1
81,46,292,164,19,52,-1,-1,-1,-1
81,50,556,166,15,49,-1,-1,-1,-1
82,1,478,175,42,107,-1,-1,-1,-1
82,2,370,170,33,91,-1,-1,-1,-1
82,3,394,169,24,86,-1,-1,-1,-1
82,4,197,161,17,44,-1,-1,-1,-1
82,6,653,172,48,105,-1,-1,-1,-1
82,7,413,170,30,87,-1,-1,-1,-1
82,15,525,182,38,94,-1,-1,-1,-1
82,18,437,169,43,120,-1,-1,-1,-1
82,26,261,161,17,48,-1,-1,-1,-1
82,33,604,165,58,123,-1,-1,-1,-1
82,46,291,164,19,53,-1,-1,-1,-1
82,50,560,169,16,47,-1,-1,-1,-1
83,1,489,172,34,109,-1,-1,-1,-1
83,2,377,169,38,96,-1,-1,-1,-1
83,3,398,169,24,85,-1,-1,-1,-1
83,4,198,161,16,44,-1,-1,-1,-1
83,6,661,175,38,106,-1,-1,-1,-1
83,7,412,170,34,89,-1,-1,-1,-1
83,15,526,182,47,95,-1,-1,-1,-1
83,18,441,169,43,120,-1,-1,-1,-1
83,26,259,161,20,49,-1,-1,-1,-1
83,33,608,166,57,123,-1,-1,-1,-1
83,46,291,163,21,55,-1,-1,-1,-1
84,1,497,173,33,110,-1,-1,-1,-1
84,2,381,170,43,98,-1,-1,-1,-1
84,3,378,169,28,87,-1,-1,-1,-1
84,4,199,161,15,44,-1,-1,-1,-1
84,6,677,169,26,94,-1,-1,-1,-1
84,7,416,170,35,89,-1,-1,-1,-1
84,15,530,178,44,99,-1,-1,-1,-1
84,18,448,166,39,123,-1,-1,-1,-1
84,26,258,162,19,48,-1,-1,-1,-1
84,33,616,166,57,124,-1,-1,-1,-1
84,46,290,162,21,53,-1,-1,-1,-1
84,50,571,178,15,38,-1,-1,-1,-1
85,1,497,172,41,112,-1,-1,-1,-1
85,2,384,168,42,103,-1,-1,-1,-1
85,3,406,167,23,87,-1,-1,-1,-1
85,4,199,161,17,44,-1,-1,-1,-1
85,5,682,168,33,116,-1,-1,-1,-1
85,6,684,168,26,94,-1,-1,-1,-1
85,7,419,169,34,88,-1,-1,-1,-1
85,15,541,177,37,101,-1,-1,-1,-1
85,18,455,165,40,125,-1,-1,-1,-1
85,26,258,162,18,47,-1,-1,-1,-1
85,33,634,164,42,125,-1,-1,-1,-1
86,1,500,173,49,113,-1,-1,-1,-1
86,2,386,167,41,105,-1,-1,-1,-1
86,3,410,169,20,97,-1,-1,-1,-1
86,4,199,162,17,43,-1,-1,-1,-1
86,5,684,168,42,113,-1,-1,-1,-1
86,7,427,168,30,89,-1,-1,-1,-1
86,15,554,177,31,101,-1,-1,-1,-1
86,18,461,165,43,126,-1,-1,-1,-1
86,26,257,162,19,47,-1,-1,-1,-1
86,33,648,163,46,127,-1,-1,-1,-1
86,46,286,164,22,57,-1,-1,-1,-1
87,1,508,173,46,115,-1,-1,-1,-1
87,2,395,168,38,104,-1,-1,-1,-1
87,3,385,172,20,90,-1,-1,-1,-1
87,4,198,161,19,45,-1,-1,-1,-1
87,5,686,171,55,116,-1,-1,-1,-1
87,7,434,168,27,90,-1,-1,-1,-1
87,15,560,179,38,104,-1,-1,-1,-1
87,18,464,169,58,123,-1,-1,-1,-1
87,26,257,163,18,46,-1,-1,-1,-1
87,33,651,165,67,129,-1,-1,-1,-1
87,46,285,164,22,57,-1,-1,-1,-1
88,1,520,175,35,114,-1,-1,-1,-1
88,2,401,169,29,103,-1,-1,-1,-1
88,3,419,169,26,92,-1,-1,-1,-1
88,4,198,161,19,45,-1,-1,-1,-1
88,5,697,170,47,118,-1,-1,-1,-1
88,7,437,170,28,90,-1,-1,-1,-1
88,15,561,177,46,106,-1,-1,-1,-1
88,18,468,171,57,123,-1,-1,-1,-1
88,23,389,190,19,71,-1,-1,-1,-1
88,26,257,162,18,48,-1,-1,-1,-1
88,33,656,167,71,130,-1,-1,-1,-1
88,46,283,164,21,56,-1,-1,-1,-1
89,1,530,172,35,117,-1,-1,-1,-1
89,2,408,170,34,102,-1,-1,-1,-1
89,3,392,170,40,94,-1,-1,-1,-1
89,4,199,161,18,45,-1,-1,-1,-1
89,5,702,168,44,118,-1,-1,-1,-1
89,6,470,168,29,97,-1,-1,-1,-1
89,7,438,171,29,90,-1,-1,-1,-1
89,15,567,175,45,109,-1,-1,-1,-1
89,18,475,168,50,126,-1,-1,-1,-1
89,23,396,192,20,73,-1,-1,-1,-1
89,26,258,164,17,46,-1,-1,-1,-1
89,33,667,166,65,132,-1,-1,-1,-1
90,1,536,172,39,118,-1,-1,-1,-1
90,2,406,169,41,107,-1,-1,-1,-1
90,3,399,169,31,96,-1,-1,-1,-1
90,4,199,161,18,45,-1,-1,-1,-1
90,5,722,168,34,116,-1,-1,-1,-1
90,6,477,169,27,109,-1,-1,-1,-1
90,7,443,171,28,89,-1,-1,-1,-1
90,15,580,173,37,112,-1,-1,-1,-1
90,18,487,167,44,128,-1,-1,-1,-1
90,26,257,163,18,45,-1,-1,-1,-1
90,33,679,165,52,133,-1,-1,-1,-1
90,46,281,164,21,58,-1,-1,-1,-1
91,1,537,173,53,118,-1,-1,-1,-1
91,2,409,168,40,109,-1,-1,-1,-1
91,3,430,170,30,103,-1,-1,-1,-1
91,4,200,161,17,45,-1,-1,-1,-1
91,5,730,168,47,124,-1,-1,-1,-1
91,6,480,166,28,105,-1,-1,-1,-1
91,7,450,169,23,90,-1,-1,-1,-1
91,15,586,174,35,111,-1,-1,-1,-1
91,18,494,167,39,130,-1,-1,-1,-1
91,26,258,164,16,44,-1,-1,-1,-1
91,33,693,162,39,135,-1,-1,-1,-1
91,46,280,164,21,48,-1,-1,-1,-1
91,50,290,167,12,35,-1,-1,-1,-1
92,1,537,179,60,113,-1,-1,-1,-1
92,2,408,167,31,97,-1,-1,-1,-1
92,3,420,167,32,94,-1,-1,-1,-1
92,4,200,161,18,44,-1,-1,-1,-1
92,5,737,170,61,118,-1,-1,-1,-1
92,6,485,167,39,116,-1,-1,-1,-1
92,7,436,169,24,91,-1,-1,-1,-1
92,15,592,174,39,112,-1,-1,-1,-1
92,18,504,167,41,133,-1,-1,-1,-1
92,23,453,171,23,86,-1,-1,-1,-1
92,26,256,163,17,45,-1,-1,-1,-1
92,33,697,163,51,136,-1,-1,-1,-1
92,46,278,164,21,58,-1,-1,-1,-1
93,1,546,171,55,124,-1,-1,-1,-1
93,2,426,169,36,107,-1,-1,-1,-1
93,3,442,166,21,104,-1,-1,-1,-1
93,4,200,162,18,43,-1,-1,-1,-1
93,5,745,170,54,124,-1,-1,-1,-1
93,6,484,169,38,102,-1,-1,-1,-1
93,7,417,169,23,93,-1,-1,-1,-1
93,15,593,178,54,109,-1,-1,-1,-1
93,18,508,169,45,133,-1,-1,-1,-1
93,23,457,170,27,91,-1,-1,-1,-1
93,26,253,163,19,45,-1,-1,-1,-1
93,33,697,166,69,133,-1,-1,-1,-1
93,46,275,164,24,54,-1,-1,-1,-1
94,1,564,168,40,126,-1,-1,-1,-1
94,2,436,169,40,108,-1,-1,-1,-1
94,3,448,166,21,105,-1,-1,-1,-1
94,4,200,163,18,43,-1,-1,-1,-1
94,5,756,169,46,126,-1,-1,-1,-1
94,6,486,168,42,102,-1,-1,-1,-1
94,7,421,169,31,96,-1,-1,-1,-1
94,15,598,177,47,110,-1,-1,-1,-1
94,18,512,170,47,133,-1,-1,-1,-1
94,23,460,171,26,93,-1,-1,-1,-1
94,26,284,164,15,46,-1,-1,-1,-1
94,33,700,166,71,135,-1,-1,-1,-1
94,46,274,166,20,58,-1,-1,-1,-1
95,1,574,170,39,126,-1,-1,-1,-1
95,2,439,169,43,111,-1,-1,-1,-1
95,4,199,163,19,43,-1,-1,-1,-1
95,5,763,168,36,128,-1,-1,-1,-1
95,6,491,169,43,102,-1,-1,-1,-1
95,7,424,167,29,97,-1,-1,-1,-1
95,15,613,171,37,116,-1,-1,-1,-1
95,18,523,167,41,137,-1,-1,-1,-1
95,23,467,172,22,89,-1,-1,-1,-1
95,26,284,165,15,47,-1,-1,-1,-1
95,33,712,165,63,135,-1,-1,-1,-1
95,46,268,165,23,59,-1,-1,-1,-1
95,50,251,163,18,46,-1,-1,-1,-1
96,1,580,172,45,127,-1,-1,-1,-1
96,2,439,168,46,113,-1,-1,-1,-1
96,3,453,170,27,99,-1,-1,-1,-1
96,4,198,163,16,42,-1,-1,-1,-1
96,5,768,167,41,130,-1,-1,-1,-1
96,6,502,166,36,104,-1,-1,-1,-1
96,7,429,166,29,93,-1,-1,-1,-1
96,15,630,169,33,118,-1,-1,-1,-1
96,18,536,165,39,140,-1,-1,-1,-1
96,23,473,175,22,88,-1,-1,-1,-1
96,26,283,166,14,45,-1,-1,-1,-1
96,33,738,163,38,138,-1,-1,-1,-1
96,46,268,164,21,51,-1,-1,-1,-1
96,50,251,162,17,48,-1,-1,-1,-1
97,1,582,173,56,128,-1,-1,-1,-1
97,2,451,166,39,115,-1,-1,-1,-1
97,3,458,170,28,100,-1,-1,-1,-1
97,4,198,162,14,43,-1,-1,-1,-1
97,5,780,168,51,129,-1,-1,-1,-1
97,6,510,166,29,106,-1,-1,-1,-1
97,7,435,166,25,98,-1,-1,-1,-1
97,15,631,173,44,118,-1,-1,-1,-1
97,18,541,165,46,139,-1,-1,-1,-1
97,23,479,172,26,91,-1,-1,-1,-1
97,26,286,167,13,44,-1,-1,-1,-1
97,33,749,162,37,143,-1,-1,-1,-1
97,46,281,163,13,48,-1,-1,-1,-1
98,1,594,176,49,125,-1,-1,-1,-1
98,2,460,165,42,112,-1,-1,-1,-1
98,4,197,161,15,45,-1,-1,-1,-1
98,5,789,170,48,129,-1,-1,-1,-1
98,6,514,166,36,107,-1,-1,-1,-1
98,7,438,168,27,99,-1,-1,-1,-1
98,15,633,173,53,119,-1,-1,-1,-1
98,18,542,168,67,136,-1,-1,-1,-1
98,23,487,172,27,93,-1,-1,-1,-1
98,26,281,163,13,45,-1,-1,-1,-1
98,33,751,161,70,142,-1,-1,-1,-1
98,46,265,163,18,53,-1,-1,-1,-1
98,50,248,162,18,48,-1,-1,-1,-1
99,1,608,172,35,128,-1,-1,-1,-1
99,2,465,166,43,112,-1,-1,-1,-1
99,4,198,161,15,45,-1,-1,-1,-1
99,5,803,170,38,130,-1,-1,-1,-1
99,6,516,167,47,109,-1,-1,-1,-1
99,7,442,167,32,101,-1,-1,-1,-1
99,15,641,173,48,121,-1,-1,-1,-1
99,18,543,170,76,137,-1,-1,-1,-1
99,26,278,163,13,47,-1,-1,-1,-1
99,33,753,165,75,147,-1,-1,-1,-1
99,46,261,163,19,62,-1,-1,-1,-1
99,50,249,161,15,50,-1,-1,-1,-1
100,1,618,171,35,130,-1,-1,-1,-1
100,2,469,172,49,111,-1,-1,-1,-1
100,4,197,161,16,45,-1,-1,-1,-1
100,5,814,168,35,132,-1,-1,-1,-1
100,6,520,167,38,108,-1,-1,-1,-1
100,7,443,168,35,101,-1,-1,-1,-1
100,15,656,171,37,124,-1,-1,-1,-1
100,18,552,168,69,141,-1,-1,-1,-1
100,23,490,174,32,98,-1,-1,-1,-1
100,26,275,163,16,48,-1,-1,-1,-1
100,33,765,163,72,149,-1,-1,-1,-1
100,46,260,161,17,64,-1,-1,-1,-1
100,50,247,162,16,50,-1,-1,-1,-1
100,55,105,183,18,26,-1,-1,-1,-1
101,1,620,172,54,131,-1,-1,-1,-1
101,2,470,178,53,108,-1,-1,-1,-1
101,4,197,162,17,44,-1,-1,-1,-1
101,5,818,168,59,135,-1,-1,-1,-1
101,6,529,166,35,109,-1,-1,-1,-1
101,7,448,167,33,101,-1,-1,-1,-1
101,15,666,170,36,124,-1,-1,-1,-1
101,18,570,166,54,144,-1,-1,-1,-1
101,23,497,174,34,100,-1,-1,-1,-1
101,26,273,163,18,48,-1,-1,-1,-1
101,33,783,160,52,152,-1,-1,-1,-1
101,46,257,162,19,65,-1,-1,-1,-1
102,1,620,173,69,131,-1,-1,-1,-1
102,2,475,179,54,108,-1,-1,-1,-1
102,3,483,169,38,116,-1,-1,-1,-1
102,4,197,162,17,44,-1,-1,-1,-1
102,5,828,168,65,137,-1,-1,-1,-1
102,6,532,167,37,108,-1,-1,-1,-1
102,7,457,165,32,105,-1,-1,-1,-1
102,15,671,166,47,127,-1,-1,-1,-1
102,18,589,162,45,148,-1,-1,-1,-1
102,26,272,162,20,48,-1,-1,-1,-1
102,33,802,160,45,153,-1,-1,-1,-1
102,46,255,162,19,66,-1,-1,-1,-1
102,50,247,165,23,49,-1,-1,-1,-1
103,1,632,173,61,132,-1,-1,-1,-1
103,3,485,167,42,119,-1,-1,-1,-1
103,4,198,164,15,40,-1,-1,-1,-1
103,5,846,172,67,137,-1,-1,-1,-1
103,6,536,168,44,108,-1,-1,-1,-1
103,7,459,165,31,107,-1,-1,-1,-1
103,15,681,172,52,124,-1,-1,-1,-1
103,18,600,162,45,152,-1,-1,-1,-1
103,26,275,162,16,48,-1,-1,-1,-1
103,33,804,162,65,153,-1,-1,-1,-1
103,46,266,160,22,53,-1,-1,-1,-1
103,50,247,168,21,51,-1,-1,-1,-1
104,1,644,171,52,134,-1,-1,-1,-1
104,3,492,167,44,120,-1,-1,-1,-1
104,4,198,164,15,39,-1,-1,-1,-1
104,5,858,172,54,117,-1,-1,-1,-1
104,6,540,166,53,111,-1,-1,-1,-1
104,7,463,166,32,106,-1,-1,-1,-1
104,15,698,173,35,124,-1,-1,-1,-1
104,18,600,166,63,148,-1,-1,-1,-1
104,23,683,168,28,113,-1,-1,-1,-1
104,26,273,161,18,50,-1,-1,-1,-1
104,33,804,166,91,151,-1,-1,-1,-1
104,46,265,159,23,53,-1,-1,-1,-1
104,50,245,169,23,55,-1,-1,-1,-1
105,1,660,169,41,137,-1,-1,-1,-1
105,2,496,174,49,114,-1,-1,-1,-1
105,3,497,167,45,121,-1,-1,-1,-1
105,4,199,165,13,39,-1,-1,-1,-1
105,5,870,168,31,112,-1,-1,-1,-1
105,6,541,167,57,112,-1,-1,-1,-1
105,7,467,168,30,106,-1,-1,-1,-1
105,15,698,170,37,128,-1,-1,-1,-1
105,18,604,167,67,152,-1,-1,-1,-1
105,23,705,167,28,116,-1,-1,-1,-1
105,26,273,161,19,50,-1,-1,-1,-1
106,1,672,169,39,140,-1,-1,-1,-1
106,2,500,172,46,117,-1,-1,-1,-1
106,4,198,165,14,39,-1,-1,-1,-1
106,5,884,168,31,142,-1,-1,-1,-1
106,6,545,166,54,113,-1,-1,-1,-1
106,7,470,167,30,108,-1,-1,-1,-1
106,15,711,170,40,130,-1,-1,-1,-1
106,18,620,165,54,154,-1,-1,-1,-1
106,33,826,163,83,154,-1,-1,-1,-1
106,46,269,163,21,51,-1,-1,-1,-1
106,50,240,166,26,60,-1,-1,-1,-1
107,1,673,170,57,140,-1,-1,-1,-1
107,2,505,169,47,120,-1,-1,-1,-1
107,4,198,165,14,39,-1,-1,-1,-1
107,5,892,168,32,145,-1,-1,-1,-1
107,6,554,165,46,114,-1,-1,-1,-1
107,7,472,165,35,109,-1,-1,-1,-1
107,15,720,170,47,133,-1,-1,-1,-1
107,18,637,161,45,157,-1,-1,-1,-1
107,33,856,161,92,155,-1,-1,-1,-1
107,46,268,163,20,49,-1,-1,-1,-1
108,1,683,171,61,141,-1,-1,-1,-1
108,2,515,167,43,122,-1,-1,-1,-1
108,4,197,164,14,39,-1,-1,-1,-1
108,5,905,170,54,148,-1,-1,-1,-1
108,6,568,164,33,114,-1,-1,-1,-1
108,7,476,163,36,111,-1,-1,-1,-1
108,15,728,171,53,135,-1,-1,-1,-1
108,18,647,161,50,158,-1,-1,-1,-1
108,33,869,161,46,161,-1,-1,-1,-1
108,46,266,162,20,51,-1,-1,-1,-1
108,50,236,162,20,59,-1,-1,-1,-1
109,1,704,170,45,144,-1,-1,-1,-1
109,2,520,167,51,126,-1,-1,-1,-1
109,4,196,165,13,38,-1,-1,-1,-1
109,5,918,167,43,152,-1,-1,-1,-1
109,6,574,161,51,119,-1,-1,-1,-1
109,7,483,166,37,109,-1,-1,-1,-1
109,15,737,171,50,136,-1,-1,-1,-1
109,18,650,164,69,156,-1,-1,-1,-1
109,33,869,162,79,163,-1,-1,-1,-1
109,46,266,161,19,52,-1,-1,-1,-1
109,50,235,163,19,64,-1,-1,-1,-1
110,1,713,169,46,147,-1,-1,-1,-1
110,2,525,167,53,128,-1,-1,-1,-1
110,4,195,165,15,39,-1,-1,-1,-1
110,5,930,167,34,141,-1,-1,-1,-1
110,6,577,165,59,116,-1,-1,-1,-1
110,7,484,169,41,107,-1,-1,-1,-1
110,15,748,171,41,136,-1,-1,-1,-1
110,18,652,166,95,158,-1,-1,-1,-1
110,23,722,168,35,121,-1,-1,-1,-1
110,33,873,164,92,167,-1,-1,-1,-1
110,46,266,161,19,53,-1,-1,-1,-1
111,1,733,167,45,146,-1,-1,-1,-1
111,2,531,171,55,125,-1,-1,-1,-1
111,4,193,166,17,38,-1,-1,-1,-1
111,5,947,165,49,130,-1,-1,-1,-1
111,6,581,165,57,118,-1,-1,-1,-1
111,7,488,167,37,109,-1,-1,-1,-1
111,15,762,170,37,138,-1,-1,-1,-1
111,18,659,165,86,162,-1,-1,-1,-1
111,23,737,168,36,122,-1,-1,-1,-1
111,33,886,162,81,168,-1,-1,-1,-1
111,46,264,161,22,53,-1,-1,-1,-1
112,1,722,170,70,151,-1,-1,-1,-1
112,2,537,166,50,130,-1,-1,-1,-1
112,4,193,167,16,37,-1,-1,-1,-1
112,5,949,165,77,161,-1,-1,-1,-1
112,6,585,164,56,120,-1,-1,-1,-1
112,7,493,166,37,111,-1,-1,-1,-1
112,15,774,171,48,136,-1,-1,-1,-1
112,18,680,162,64,161,-1,-1,-1,-1
112,33,911,160,57,167,-1,-1,-1,-1
112,46,264,161,22,53,-1,-1,-1,-1
112,50,227,164,21,66,-1,-1,-1,-1
113,1,735,168,74,152,-1,-1,-1,-1
113,2,546,166,41,132,-1,-1,-1,-1
113,5,963,167,76,162,-1,-1,-1,-1
113,6,598,162,41,121,-1,-1,-1,-1
113,7,503,166,31,111,-1,-1,-1,-1
113,15,788,172,50,139,-1,-1,-1,-1
113,18,704,159,49,165,-1,-1,-1,-1
113,26,224,164,25,58,-1,-1,-1,-1
113,33,935,160,44,170,-1,-1,-1,-1
113,46,265,162,20,52,-1,-1,-1,-1
113,50,224,163,22,69,-1,-1,-1,-1
113,55,104,182,19,28,-1,-1,-1,-1
114,1,752,167,64,153,-1,-1,-1,-1
114,2,551,166,40,132,-1,-1,-1,-1
114,5,984,168,67,159,-1,-1,-1,-1
114,6,604,162,37,122,-1,-1,-1,-1
114,7,511,165,35,113,-1,-1,-1,-1
114,15,801,172,45,140,-1,-1,-1,-1
114,18,717,159,52,173,-1,-1,-1,-1
114,26,236,163,15,50,-1,-1,-1,-1
114,33,931,157,93,175,-1,-1,-1,-1
114,46,264,161,22,54,-1,-1,-1,-1
114,50,218,163,28,65,-1,-1,-1,-1
115,1,771,167,50,140,-1,-1,-1,-1
115,2,553,167,60,133,-1,-1,-1,-1
115,5,994,168,72,162,-1,-1,-1,-1
115,6,608,163,46,123,-1,-1,-1,-1
115,7,512,168,43,110,-1,-1,-1,-1
115,15,810,171,34,141,-1,-1,-1,-1
115,18,719,164,73,169,-1,-1,-1,-1
115,23,997,170,61,118,-1,-1,-1,-1
115,26,234,163,16,50,-1,-1,-1,-1
115,33,937,161,120,175,-1,-1,-1,-1
115,46,263,159,23,55,-1,-1,-1,-1
116,1,783,166,42,144,-1,-1,-1,-1
116,2,556,165,64,134,-1,-1,-1,-1
116,6,610,164,58,124,-1,-1,-1,-1
116,7,514,168,43,111,-1,-1,-1,-1
116,15,816,170,35,143,-1,-1,-1,-1
116,18,723,164,77,171,-1,-1,-1,-1
116,23,1030,170,63,119,-1,-1,-1,-1
116,26,233,163,16,49,-1,-1,-1,-1
116,33,945,163,112,177,-1,-1,-1,-1
116,46,263,160,23,55,-1,-1,-1,-1
117,1,801,168,44,160,-1,-1,-1,-1
117,2,562,168,62,133,-1,-1,-1,-1
117,3,478,179,15,42,-1,-1,-1,-1
117,5,1034,160,43,172,-1,-1,-1,-1
117,6,613,164,57,124,-1,-1,-1,-1
117,7,521,166,41,115,-1,-1,-1,-1
117,15,831,171,44,147,-1,-1,-1,-1
117,18,737,162,69,175,-1,-1,-1,-1
117,26,232,163,18,50,-1,-1,-1,-1
117,33,968,156,95,184,-1,-1,-1,-1
117,46,263,159,23,55,-1,-1,-1,-1
117,50,207,164,26,68,-1,-1,-1,-1
118,1,812,168,55,160,-1,-1,-1,-1
118,2,579,167,45,134,-1,-1,-1,-1
118,3,478,179,13,39,-1,-1,-1,-1
118,5,1045,159,46,175,-1,-1,-1,-1
118,6,618,163,52,125,-1,-1,-1,-1
118,7,532,165,33,115,-1,-1,-1,-1
118,15,842,173,55,149,-1,-1,-1,-1
118,18,763,159,53,177,-1,-1,-1,-1
118,26,231,162,19,51,-1,-1,-1,-1
118,33,1001,157,113,183,-1,-1,-1,-1
118,46,263,159,21,55,-1,-1,-1,-1
119,1,821,167,62,167,-1,-1,-1,-1
119,2,598,166,41,137,-1,-1,-1,-1
119,6,630,162,45,126,-1,-1,-1,-1
119,7,540,164,33,116,-1,-1,-1,-1
119,15,855,172,49,151,-1,-1,-1,-1
119,18,777,158,54,181,-1,-1,-1,-1
119,26,229,163,18,51,-1,-1,-1,-1
119,33,1008,156,78,192,-1,-1,-1,-1
119,46,262,159,21,54,-1,-1,-1,-1
119,50,199,161,26,68,-1,-1,-1,-1
120,1,843,168,39,164,-1,-1,-1,-1
120,2,601,167,56,138,-1,-1,-1,-1
120,6,634,161,59,126,-1,-1,-1,-1
120,7,544,165,43,117,-1,-1,-1,-1
120,15,868,170,39,153,-1,-1,-1,-1
120,18,782,161,76,182,-1,-1,-1,-1
120,26,227,162,20,53,-1,-1,-1,-1
120,33,1021,157,116,194,-1,-1,-1,-1
120,46,263,160,18,54,-1,-1,-1,-1
120,50,198,162,21,70,-1,-1,-1,-1
120,59,580,167,37,109,-1,-1,-1,-1
121,1,854,165,47,160,-1,-1,-1,-1
121,2,602,168,67,140,-1,-1,-1,-1
121,3,487,175,15,43,-1,-1,-1,-1
121,4,214,162,12,45,-1,-1,-1,-1
121,6,648,162,57,129,-1,-1,-1,-1
121,7,546,166,52,117,-1,-1,-1,-1
121,15,879,169,39,155,-1,-1,-1,-1
121,18,782,164,112,184,-1,-1,-1,-1
121,23,881,170,42,128,-1,-1,-1,-1
121,26,227,162,17,53,-1,-1,-1,-1
121,33,1024,160,127,197,-1,-1,-1,-1
121,46,261,160,20,55,-1,-1,-1,-1
121,50,195,161,20,73,-1,-1,-1,-1
121,55,105,182,18,27,-1,-1,-1,-1
121,59,587,170,33,107,-1,-1,-1,-1
122,1,869,168,45,166,-1,-1,-1,-1
122,2,608,168,66,140,-1,-1,-1,-1
122,3,521,173,20,51,-1,-1,-1,-1
122,4,215,161,13,47,-1,-1,-1,-1
122,6,648,164,66,128,-1,-1,-1,-1
122,7,548,167,50,118,-1,-1,-1,-1
122,8,228,184,13,31,-1,-1,-1,-1
122,15,895,168,50,156,-1,-1,-1,-1
122,18,786,163,112,187,-1,-1,-1,-1
122,23,892,169,44,131,-1,-1,-1,-1
122,26,226,161,18,55,-1,-1,-1,-1
122,33,1046,157,112,202,-1,-1,-1,-1
122,46,261,160,21,55,-1,-1,-1,-1
122,50,194,160,22,75,-1,-1,-1,-1
122,55,105,181,18,29,-1,-1,-1,-1
123,1,883,168,69,171,-1,-1,-1,-1
123,2,621,166,52,142,-1,-1,-1,-1
123,3,520,173,22,50,-1,-1,-1,-1
123,6,656,163,57,130,-1,-1,-1,-1
123,7,556,166,42,119,-1,-1,-1,-1
123,8,229,183,14,34,-1,-1,-1,-1
123,15,905,167,54,158,-1,-1,-1,-1
123,18,810,159,92,193,-1,-1,-1,-1
123,26,227,164,16,51,-1,-1,-1,-1
123,33,1091,160,88,197,-1,-1,-1,-1
123,46,261,160,20,54,-1,-1,-1,-1
123,50,189,160,23,74,-1,-1,-1,-1
123,55,104,181,19,29,-1,-1,-1,-1
123,59,606,165,29,115,-1,-1,-1,-1
124,1,891,166,77,176,-1,-1,-1,-1
124,2,633,163,44,125,-1,-1,-1,-1
124,3,522,173,21,55,-1,-1,-1,-1
124,4,226,168,16,44,-1,-1,-1,-1
124,5,1110,157,99,197,-1,-1,-1,-1
124,6,667,161,48,132,-1,-1,-1,-1
124,7,571,163,31,120,-1,-1,-1,-1
124,15,922,172,60,156,-1,-1,-1,-1
124,18,842,156,63,194,-1,-1,-1,-1
124,26,226,164,15,51,-1,-1,-1,-1
124,33,1103,160,97,199,-1,-1,-1,-1
124,46,260,160,22,55,-1,-1,-1,-1
124,50,184,159,25,64,-1,-1,-1,-1
124,55,104,181,19,29,-1,-1,-1,-1
124,59,609,163,30,118,-1,-1,-1,-1
124,61,493,175,16,58,-1,-1,-1,-1
125,1,908,164,66,180,-1,-1,-1,-1
125,2,677,160,37,132,-1,-1,-1,-1
125,3,524,173,23,57,-1,-1,-1,-1
125,4,226,174,17,42,-1,-1,-1,-1
125,5,1120,157,107,200,-1,-1,-1,-1
125,6,644,164,52,147,-1,-1,-1,-1
125,7,577,164,32,120,-1,-1,-1,-1
125,15,934,171,45,160,-1,-1,-1,-1
125,18,863,155,62,200,-1,-1,-1,-1
125,23,963,151,50,130,-1,-1,-1,-1
125,33,1107,157,126,205,-1,-1,-1,-1
125,46,262,160,19,54,-1,-1,-1,-1
125,50,179,159,31,77,-1,-1,-1,-1
125,55,104,181,20,29,-1,-1,-1,-1
125,59,612,166,41,118,-1,-1,-1,-1
125,61,493,174,21,59,-1,-1,-1,-1
126,1,930,167,45,179,-1,-1,-1,-1
126,2,688,160,46,135,-1,-1,-1,-1
126,3,526,175,24,56,-1,-1,-1,-1
126,4,228,175,17,42,-1,-1,-1,-1
126,6,645,166,71,144,-1,-1,-1,-1
126,7,582,168,38,118,-1,-1,-1,-1
126,15,957,166,49,133,-1,-1,-1,-1
126,18,866,157,92,203,-1,-1,-1,-1
126,23,967,165,78,127,-1,-1,-1,-1
126,26,226,165,16,50,-1,-1,-1,-1
126,33,1114,158,133,212,-1,-1,-1,-1
126,46,260,159,22,55,-1,-1,-1,-1
126,50,166,162,38,76,-1,-1,-1,-1
126,55,104,181,20,29,-1,-1,-1,-1
126,59,613,165,45,116,-1,-1,-1,-1
126,61,497,173,23,58,-1,-1,-1,-1
127,1,945,165,66,170,-1,-1,-1,-1
127,2,696,164,54,132,-1,-1,-1,-1
127,3,535,172,19,54,-1,-1,-1,-1
127,6,647,167,73,145,-1,-1,-1,-1
127,7,584,166,47,125,-1,-1,-1,-1
127,15,991,155,84,142,-1,-1,-1,-1
127,18,869,160,115,207,-1,-1,-1,-1
127,23,982,165,81,128,-1,-1,-1,-1
127,26,226,165,17,51,-1,-1,-1,-1
127,33,1125,158,122,213,-1,-1,-1,-1
127,46,261,160,20,55,-1,-1,-1,-1
127,50,163,162,36,76,-1,-1,-1,-1
127,55,104,181,20,29,-1,-1,-1,-1
127,59,620,167,43,118,-1,-1,-1,-1
127,61,501,184,18,55,-1,-1,-1,-1
128,1,977,169,69,168,-1,-1,-1,-1
128,2,705,164,48,136,-1,-1,-1,-1
128,3,536,175,18,57,-1,-1,-1,-1
128,5,959,165,53,189,-1,-1,-1,-1
128,6,674,166,52,144,-1,-1,-1,-1
128,7,591,164,42,127,-1,-1,-1,-1
128,15,1022,153,60,145,-1,-1,-1,-1
128,18,878,160,110,210,-1,-1,-1,-1
128,26,226,167,17,49,-1,-1,-1,-1
128,33,1165,157,82,210,-1,-1,-1,-1
128,46,260,159,21,56,-1,-1,-1,-1
128,50,162,161,34,78,-1,-1,-1,-1
128,55,104,181,20,29,-1,-1,-1,-1
128,59,629,164,44,120,-1,-1,-1,-1
128,61,503,182,21,49,-1,-1,-1,-1
128,64,563,178,11,38,-1,-1,-1,-1
129,1,991,169,75,170,-1,-1,-1,-1
129,2,716,162,37,137,-1,-1,-1,-1
129,3,541,173,20,59,-1,-1,-1,-1
129,4,185,162,16,43,-1,-1,-1,-1
129,5,972,165,81,186,-1,-1,-1,-1
129,6,679,165,52,147,-1,-1,-1,-1
129,7,602,162,35,129,-1,-1,-1,-1
129,15,1057,150,89,148,-1,-1,-1,-1
129,18,907,156,84,214,-1,-1,-1,-1
129,26,226,166,14,49,-1,-1,-1,-1
129,33,1173,171,74,203,-1,-1,-1,-1
129,46,259,161,21,56,-1,-1,-1,-1
129,50,160,160,27,78,-1,-1,-1,-1
129,55,104,181,20,29,-1,-1,-1,-1
129,59,644,164,39,121,-1,-1,-1,-1
130,1,1009,168,50,179,-1,-1,-1,-1
130,2,723,160,30,138,-1,-1,-1,-1
130,3,544,172,22,61,-1,-1,-1,-1
130,4,183,161,17,43,-1,-1,-1,-1
130,5,958,162,98,199,-1,-1,-1,-1
130,6,689,164,57,153,-1,-1,-1,-1
130,7,607,161,40,130,-1,-1,-1,-1
130,8,223,178,20,37,-1,-1,-1,-1
130,15,1085,152,101,161,-1,-1,-1,-1
130,18,944,154,62,214,-1,-1,-1,-1
130,23,1016,168,33,96,-1,-1,-1,-1
130,26,225,166,15,49,-1,-1,-1,-1
130,33,1188,219,59,153,-1,-1,-1,-1
130,46,259,161,20,55,-1,-1,-1,-1
130,50,156,160,26,80,-1,-1,-1,-1
131,1,1031,169,34,185,-1,-1,-1,-1
131,2,733,159,38,137,-1,-1,-1,-1
131,4,172,167,11,41,-1,-1,-1,-1
131,5,1007,166,50,194,-1,-1,-1,-1
131,6,695,164,69,155,-1,-1,-1,-1
131,7,614,162,42,124,-1,-1,-1,-1
131,8,223,169,19,47,-1,-1,-1,-1
131,15,1126,149,115,165,-1,-1,-1,-1
131,18,951,156,91,216,-1,-1,-1,-1
131,23,1029,169,33,92,-1,-1,-1,-1
131,26,184,161,17,43,-1,-1,-1,-1
131,33,1202,226,45,148,-1,-1,-1,-1
131,46,258,161,21,56,-1,-1,-1,-1
131,50,149,160,30,81,-1,-1,-1,-1
132,1,1046,169,34,187,-1,-1,-1,-1
132,2,740,160,45,142,-1,-1,-1,-1
132,4,184,161,16,42,-1,-1,-1,-1
132,5,1026,165,60,179,-1,-1,-1,-1
132,6,699,166,75,156,-1,-1,-1,-1
132,7,616,166,50,127,-1,-1,-1,-1
132,8,221,172,20,45,-1,-1,-1,-1
132,15,1171,149,76,155,-1,-1,-1,-1
132,18,951,163,145,212,-1,-1,-1,-1
132,26,179,161,17,42,-1,-1,-1,-1
132,46,258,162,18,53,-1,-1,-1,-1
132,50,145,161,29,79,-1,-1,-1,-1
133,2,749,161,53,145,-1,-1,-1,-1
133,3,563,171,27,69,-1,-1,-1,-1
133,4,185,160,16,43,-1,-1,-1,-1
133,5,1051,170,86,173,-1,-1,-1,-1
133,6,704,166,75,157,-1,-1,-1,-1
133,7,618,165,59,128,-1,-1,-1,-1
133,8,220,170,18,47,-1,-1,-1,-1
133,15,1204,169,43,154,-1,-1,-1,-1
133,18,956,162,150,214,-1,-1,-1,-1
133,23,1066,171,33,83,-1,-1,-1,-1
133,46,258,163,18,53,-1,-1,-1,-1
133,50,141,162,30,78,-1,-1,-1,-1
133,59,669,164,46,125,-1,-1,-1,-1
133,61,516,177,20,61,-1,-1,-1,-1
134,2,761,160,51,147,-1,-1,-1,-1
134,3,567,170,29,72,-1,-1,-1,-1
134,4,184,159,17,44,-1,-1,-1,-1
134,5,1055,171,95,171,-1,-1,-1,-1
134,6,724,164,48,160,-1,-1,-1,-1
134,7,629,162,48,130,-1,-1,-1,-1
134,8,220,167,17,48,-1,-1,-1,-1
134,15,1227,170,20,155,-1,-1,-1,-1
134,18,976,156,157,220,-1,-1,-1,-1
134,23,1081,172,32,79,-1,-1,-1,-1
135,2,768,159,44,157,-1,-1,-1,-1
135,3,572,166,30,76,-1,-1,-1,-1
135,4,184,160,17,44,-1,-1,-1,-1
135,6,734,161,59,162,-1,-1,-1,-1
135,7,616,161,64,132,-1,-1,-1,-1
135,8,220,167,16,49,-1,-1,-1,-1
135,18,1016,154,154,223,-1,-1,-1,-1
135,46,255,163,21,54,-1,-1,-1,-1
135,50,130,160,31,83,-1,-1,-1,-1
135,59,679,164,44,126,-1,-1,-1,-1
135,61,521,175,23,68,-1,-1,-1,-1
136,2,773,152,36,124,-1,-1,-1,-1
136,3,572,167,38,77,-1,-1,-1,-1
136,4,184,160,17,44,-1,-1,-1,-1
136,6,742,162,57,162,-1,-1,-1,-1
136,7,649,161,38,135,-1,-1,-1,-1
136,8,219,164,15,51,-1,-1,-1,-1
136,18,1061,152,114,224,-1,-1,-1,-1
136,46,255,162,21,53,-1,-1,-1,-1
136,50,115,159,40,84,-1,-1,-1,-1
136,59,679,165,64,125,-1,-1,-1,-1
136,61,522,174,25,69,-1,-1,-1,-1
137,2,782,151,36,122,-1,-1,-1,-1
137,3,585,169,31,71,-1,-1,-1,-1
137,4,184,159,17,44,-1,-1,-1,-1
137,6,747,159,72,166,-1,-1,-1,-1
137,7,656,163,49,135,-1,-1,-1,-1
137,8,218,163,17,54,-1,-1,-1,-1
137,18,1061,155,117,223,-1,-1,-1,-1
137,46,255,163,20,54,-1,-1,-1,-1
137,50,112,160,42,85,-1,-1,-1,-1
137,59,688,164,58,127,-1,-1,-1,-1
137,61,527,175,26,62,-1,-1,-1,-1
138,3,591,168,31,72,-1,-1,-1,-1
138,4,185,160,16,43,-1,-1,-1,-1
138,5,1148,170,91,190,-1,-1,-1,-1
138,6,750,161,84,166,-1,-1,-1,-1
138,7,660,164,51,136,-1,-1,-1,-1
138,8,217,165,17,50,-1,-1,-1,-1
138,18,1063,158,146,221,-1,-1,-1,-1
138,46,248,161,27,56,-1,-1,-1,-1
138,50,111,159,38,87,-1,-1,-1,-1
138,59,698,163,50,127,-1,-1,-1,-1
138,61,530,176,25,67,-1,-1,-1,-1
138,64,577,174,15,45,-1,-1,-1,-1
139,3,596,168,32,74,-1,-1,-1,-1
139,4,184,159,17,44,-1,-1,-1,-1
139,5,1157,170,90,192,-1,-1,-1,-1
139,6,764,160,85,167,-1,-1,-1,-1
139,7,667,162,46,139,-1,-1,-1,-1
139,8,212,165,21,52,-1,-1,-1,-1
139,18,1068,159,179,218,-1,-1,-1,-1
139,26,199,169,13,34,-1,-1,-1,-1
139,46,243,163,31,56,-1,-1,-1,-1
139,50,108,158,32,88,-1,-1,-1,-1
139,59,711,161,51,131,-1,-1,-1,-1
139,61,534,176,27,68,-1,-1,-1,-1
139,64,578,173,19,47,-1,-1,-1,-1
140,1,807,160,49,155,-1,-1,-1,-1
140,3,602,167,32,77,-1,-1,-1,-1
140,4,184,159,17,45,-1,-1,-1,-1
140,6,776,160,63,167,-1,-1,-1,-1
140,7,679,161,39,141,-1,-1,-1,-1
140,8,210,165,22,52,-1,-1,-1,-1
140,18,1106,155,140,223,-1,-1,-1,-1
140,26,200,170,11,32,-1,-1,-1,-1
140,46,242,163,27,56,-1,-1,-1,-1
140,50,103,157,31,89,-1,-1,-1,-1
140,59,718,161,64,133,-1,-1,-1,-1
140,61,537,174,32,69,-1,-1,-1,-1
140,64,580,174,16,47,-1,-1,-1,-1
141,1,796,160,50,153,-1,-1,-1,-1
141,3,608,168,32,81,-1,-1,-1,-1
141,4,184,160,18,44,-1,-1,-1,-1
141,6,785,162,82,171,-1,-1,-1,-1
141,7,687,159,42,142,-1,-1,-1,-1
141,8,209,162,23,56,-1,-1,-1,-1
141,18,1139,154,108,223,-1,-1,-1,-1
141,26,200,170,11,32,-1,-1,-1,-1
141,46,242,163,24,55,-1,-1,-1,-1
141,50,96,158,37,91,-1,-1,-1,-1
141,59,722,161,70,135,-1,-1,-1,-1
142,3,613,167,35,83,-1,-1,-1,-1
142,4,185,161,16,43,-1,-1,-1,-1
142,5,1187,161,60,215,-1,-1,-1,-1
142,6,804,157,78,177,-1,-1,-1,-1
142,7,694,159,48,143,-1,-1,-1,-1
142,8,208,162,24,55,-1,-1,-1,-1
142,18,1155,153,92,224,-1,-1,-1,-1
142,26,200,170,11,33,-1,-1,-1,-1
142,46,240,162,24,57,-1,-1,-1,-1
142,50,83,158,44,92,-1,-1,-1,-1
142,55,169,170,9,24,-1,-1,-1,-1
142,59,729,163,69,137,-1,-1,-1,-1
142,61,548,176,30,72,-1,-1,-1,-1
143,3,613,167,40,83,-1,-1,-1,-1
143,4,184,161,17,42,-1,-1,-1,-1
143,5,1196,160,51,219,-1,-1,-1,-1
143,6,808,162,86,175,-1,-1,-1,-1
143,7,695,162,64,143,-1,-1,-1,-1
143,8,208,162,21,55,-1,-1,-1,-1
143,15,1191,194,56,182,-1,-1,-1,-1
143,26,200,170,11,33,-1,-1,-1,-1
143,46,237,162,25,56,-1,-1,-1,-1
143,50,82,158,38,93,-1,-1,-1,-1
143,55,173,170,9,23,-1,-1,-1,-1
144,2,560,182,22,59,-1,-1,-1,-1
144,3,626,167,34,86,-1,-1,-1,-1
144,4,185,162,15,42,-1,-1,-1,-1
144,6,815,161,83,178,-1,-1,-1,-1
144,7,698,162,66,145,-1,-1,-1,-1
144,8,205,164,24,54,-1,-1,-1,-1
144,15,1197,196,50,185,-1,-1,-1,-1
144,23,1146,312,101,66,-1,-1,-1,-1
144,46,235,163,24,55,-1,-1,-1,-1
144,50,80,158,30,94,-1,-1,-1,-1
144,59,753,160,39,139,-1,-1,-1,-1
145,2,548,184,20,53,-1,-1,-1,-1
145,3,630,167,38,88,-1,-1,-1,-1
145,4,205,177,18,40,-1,-1,-1,-1
145,6,830,160,83,175,-1,-1,-1,-1
145,7,707,160,56,146,-1,-1,-1,-1
145,8,204,164,24,54,-1,-1,-1,-1
145,23,1156,323,91,60,-1,-1,-1,-1
145,26,213,179,19,38,-1,-1,-1,-1
145,46,234,164,23,55,-1,-1,-1,-1
145,50,72,158,34,92,-1,-1,-1,-1
146,1,830,160,57,154,-1,-1,-1,-1
146,3,637,166,40,83,-1,-1,-1,-1
146,4,185,162,17,43,-1,-1,-1,-1
146,6,855,160,60,178,-1,-1,-1,-1
146,7,728,158,40,149,-1,-1,-1,-1
146,8,202,170,23,49,-1,-1,-1,-1
146,26,214,180,20,39,-1,-1,-1,-1
146,46,233,163,22,57,-1,-1,-1,-1
146,50,60,157,41,93,-1,-1,-1,-1
146,59,762,161,64,140,-1,-1,-1,-1
147,1,829,159,59,154,-1,-1,-1,-1
147,3,645,168,39,86,-1,-1,-1,-1
147,4,184,161,17,43,-1,-1,-1,-1
147,6,863,161,84,182,-1,-1,-1,-1
147,7,736,158,39,152,-1,-1,-1,-1
147,8,200,161,21,57,-1,-1,-1,-1
147,26,218,170,16,35,-1,-1,-1,-1
147,33,864,156,32,56,-1,-1,-1,-1
147,46,232,162,21,56,-1,-1,-1,-1
147,50,47,157,53,95,-1,-1,-1,-1
147,59,768,162,70,140,-1,-1,-1,-1
148,2,461,180,16,43,-1,-1,-1,-1
148,3,652,167,41,93,-1,-1,-1,-1
148,4,183,160,18,44,-1,-1,-1,-1
148,6,864,162,99,184,-1,-1,-1,-1
148,7,740,159,55,149,-1,-1,-1,-1
148,8,198,161,23,58,-1,-1,-1,-1
148,26,220,170,15,35,-1,-1,-1,-1
148,33,875,155,30,57,-1,-1,-1,-1
148,46,231,162,20,55,-1,-1,-1,-1
148,50,49,157,45,97,-1,-1,-1,-1
148,59,782,162,58,141,-1,-1,-1,-1
148,61,599,175,37,79,-1,-1,-1,-1
148,64,583,177,22,39,-1,-1,-1,-1
149,1,874,153,46,171,-1,-1,-1,-1
149,2,441,180,14,40,-1,-1,-1,-1
149,3,659,166,45,91,-1,-1,-1,-1
149,4,184,160,17,42,-1,-1,-1,-1
149,6,874,160,93,188,-1,-1,-1,-1
149,7,742,162,66,149,-1,-1,-1,-1
149,8,198,160,19,59,-1,-1,-1,-1
149,33,866,153,28,53,-1,-1,-1,-1
149,46,228,163,20,57,-1,-1,-1,-1
149,50,47,156,38,99,-1,-1,-1,-1
149,59,795,160,46,144,-1,-1,-1,-1
150,1,884,157,43,167,-1,-1,-1,-1
150,3,668,166,46,90,-1,-1,-1,-1
150,4,184,160,17,41,-1,-1,-1,-1
150,6,894,162,81,187,-1,-1,-1,-1
150,7,749,161,62,149,-1,-1,-1,-1
150,8,198,160,19,53,-1,-1,-1,-1
150,33,936,162,25,63,-1,-1,-1,-1
150,46,220,163,29,57,-1,-1,-1,-1
150,50,41,154,35,102,-1,-1,-1,-1
150,55,105,183,18,26,-1,-1,-1,-1
150,59,805,158,57,147,-1,-1,-1,-1
150,61,619,175,36,86,-1,-1,-1,-1
150,64,625,175,29,46,-1,-1,-1,-1
151,1,885,154,69,183,-1,-1,-1,-1
151,3,677,166,42,96,-1,-1,-1,-1
151,4,185,160,16,40,-1,-1,-1,-1
151,6,900,159,94,190,-1,-1,-1,-1
151,7,767,158,46,150,-1,-1,-1,-1
151,8,197,161,15,59,-1,-1,-1,-1
151,33,941,162,24,62,-1,-1,-1,-1
151,46,219,167,27,54,-1,-1,-1,-1
151,50,34,155,39,102,-1,-1,-1,-1
151,55,104,182,18,28,-1,-1,-1,-1
151,59,809,160,72,148,-1,-1,-1,-1
151,61,624,174,42,86,-1,-1,-1,-1
152,1,885,155,70,168,-1,-1,-1,-1
152,3,689,166,44,98,-1,-1,-1,-1
152,4,184,160,18,40,-1,-1,-1,-1
152,6,929,160,79,196,-1,-1,-1,-1
152,7,787,156,39,156,-1,-1,-1,-1
152,8,193,162,20,59,-1,-1,-1,-1
152,46,221,164,22,57,-1,-1,-1,-1
152,50,26,154,40,102,-1,-1,-1,-1
152,55,103,183,18,27,-1,-1,-1,-1
152,59,811,161,81,151,-1,-1,-1,-1
153,1,893,155,76,167,-1,-1,-1,-1
153,3,698,164,51,101,-1,-1,-1,-1
153,6,935,162,102,196,-1,-1,-1,-1
153,7,791,157,58,159,-1,-1,-1,-1
153,8,188,167,21,53,-1,-1,-1,-1
153,26,203,174,15,45,-1,-1,-1,-1
153,46,219,163,22,59,-1,-1,-1,-1
153,50,18,157,44,103,-1,-1,-1,-1
153,55,104,182,19,28,-1,-1,-1,-1
153,59,825,160,70,154,-1,-1,-1,-1
153,61,636,175,49,90,-1,-1,-1,-1
154,1,915,153,68,170,-1,-1,-1,-1
154,3,710,166,53,99,-1,-1,-1,-1
154,6,941,160,100,202,-1,-1,-1,-1
154,7,796,160,68,159,-1,-1,-1,-1
154,8,183,163,25,58,-1,-1,-1,-1
154,26,202,174,16,46,-1,-1,-1,-1
154,46,218,162,20,60,-1,-1,-1,-1
154,50,14,157,39,105,-1,-1,-1,-1
154,55,104,182,19,28,-1,-1,-1,-1
154,59,840,159,52,154,-1,-1,-1,-1
154,61,643,175,52,91,-1,-1,-1,-1
155,1,944,152,48,171,-1,-1,-1,-1
155,3,722,166,48,99,-1,-1,-1,-1
155,6,955,157,91,206,-1,-1,-1,-1
155,7,794,161,82,162,-1,-1,-1,-1
155,8,182,167,27,55,-1,-1,-1,-1
155,33,672,173,33,56,-1,-1,-1,-1
155,46,216,162,22,61,-1,-1,-1,-1
155,50,6,154,38,104,-1,-1,-1,-1
155,55,104,182,19,28,-1,-1,-1,-1
155,59,852,158,40,154,-1,-1,-1,-1
155,61,652,176,53,93,-1,-1,-1,-1
156,1,951,153,50,174,-1,-1,-1,-1
156,3,734,165,49,99,-1,-1,-1,-1
156,6,985,159,65,203,-1,-1,-1,-1
156,7,805,159,72,163,-1,-1,-1,-1
156,8,183,167,25,54,-1,-1,-1,-1
156,33,683,174,31,53,-1,-1,-1,-1
156,46,212,163,25,61,-1,-1,-1,-1
156,50,0,152,37,110,-1,-1,-1,-1
156,55,104,182,20,28,-1,-1,-1,-1
156,59,861,159,58,154,-1,-1,-1,-1
156,61,664,174,50,92,-1,-1,-1,-1
157,1,954,155,61,173,-1,-1,-1,-1
157,3,750,162,50,102,-1,-1,-1,-1
157,6,1003,159,73,203,-1,-1,-1,-1
157,7,831,157,49,165,-1,-1,-1,-1
157,8,178,161,25,60,-1,-1,-1,-1
157,18,425,185,17,54,-1,-1,-1,-1
157,26,196,170,16,49,-1,-1,-1,-1
157,33,690,174,32,51,-1,-1,-1,-1
157,46,209,163,26,61,-1,-1,-1,-1
157,50,0,155,36,105,-1,-1,-1,-1
157,55,104,183,19,27,-1,-1,-1,-1
157,59,867,160,77,156,-1,-1,-1,-1
158,1,956,156,74,173,-1,-1,-1,-1
158,3,763,160,54,105,-1,-1,-1,-1
158,4,197,169,15,34,-1,-1,-1,-1
158,6,1005,162,114,202,-1,-1,-1,-1
158,7,844,157,46,167,-1,-1,-1,-1
158,8,175,158,26,63,-1,-1,-1,-1
158,18,385,187,14,44,-1,-1,-1,-1
158,26,194,169,17,50,-1,-1,-1,-1
158,33,705,172,30,53,-1,-1,-1,-1
158,46,209,163,23,61,-1,-1,-1,-1
158,50,0,159,31,102,-1,-1,-1,-1
159,1,973,153,69,178,-1,-1,-1,-1
159,3,777,160,65,105,-1,-1,-1,-1
159,4,197,170,14,33,-1,-1,-1,-1
159,5,412,174,25,65,-1,-1,-1,-1
159,6,1010,161,120,206,-1,-1,-1,-1
159,7,847,158,75,172,-1,-1,-1,-1
159,8,172,158,28,65,-1,-1,-1,-1
159,33,696,173,31,52,-1,-1,-1,-1
159,46,208,162,24,62,-1,-1,-1,-1
159,50,0,169,20,94,-1,-1,-1,-1
159,59,894,160,55,156,-1,-1,-1,-1
160,1,1002,150,55,191,-1,-1,-1,-1
160,3,798,160,64,105,-1,-1,-1,-1
160,4,198,171,13,32,-1,-1,-1,-1
160,5,405,175,25,65,-1,-1,-1,-1
160,6,1028,158,104,214,-1,-1,-1,-1
160,7,849,160,86,172,-1,-1,-1,-1
160,8,172,157,25,67,-1,-1,-1,-1
160,26,197,168,15,52,-1,-1,-1,-1
160,46,208,161,21,62,-1,-1,-1,-1
160,50,0,171,14,93,-1,-1,-1,-1
161,1,1015,150,62,191,-1,-1,-1,-1
161,3,817,158,66,112,-1,-1,-1,-1
161,5,403,171,21,67,-1,-1,-1,-1
161,6,1058,157,90,216,-1,-1,-1,-1
161,7,860,159,81,173,-1,-1,-1,-1
161,8,169,159,27,64,-1,-1,-1,-1
161,26,197,167,15,54,-1,-1,-1,-1
161,46,199,161,31,63,-1,-1,-1,-1
161,59,920,160,60,160,-1,-1,-1,-1
162,1,1018,149,80,194,-1,-1,-1,-1
162,3,839,156,62,109,-1,-1,-1,-1
162,5,393,174,26,66,-1,-1,-1,-1
162,6,1083,156,69,218,-1,-1,-1,-1
162,7,884,157,56,173,-1,-1,-1,-1
162,8,167,159,26,63,-1,-1,-1,-1
162,46,199,162,29,62,-1,-1,-1,-1
162,59,925,160,70,169,-1,-1,-1,-1
162,61,719,171,62,114,-1,-1,-1,-1
163,1,1018,149,96,196,-1,-1,-1,-1
163,3,859,157,54,106,-1,-1,-1,-1
163,5,390,171,24,73,-1,-1,-1,-1
163,6,1090,155,112,222,-1,-1,-1,-1
163,7,907,154,49,178,-1,-1,-1,-1
163,8,166,160,25,63,-1,-1,-1,-1
163,46,198,160,25,64,-1,-1,-1,-1
163,59,936,166,71,166,-1,-1,-1,-1
163,61,729,171,65,117,-1,-1,-1,-1
164,1,1021,153,104,190,-1,-1,-1,-1
164,3,881,158,48,124,-1,-1,-1,-1
164,5,384,174,23,72,-1,-1,-1,-1
164,6,1088,158,143,220,-1,-1,-1,-1
164,7,913,156,67,179,-1,-1,-1,-1
164,8,166,158,22,65,-1,-1,-1,-1
164,15,923,236,59,102,-1,-1,-1,-1
164,46,196,162,26,62,-1,-1,-1,-1
164,59,952,164,57,165,-1,-1,-1,-1
164,61,744,172,61,109,-1,-1,-1,-1
165,1,1039,152,91,193,-1,-1,-1,-1
165,3,969,165,52,136,-1,-1,-1,-1
165,5,374,175,24,72,-1,-1,-1,-1
165,6,1097,158,127,220,-1,-1,-1,-1
165,7,913,160,101,178,-1,-1,-1,-1
165,8,162,158,24,66,-1,-1,-1,-1
165,15,911,238,57,98,-1,-1,-1,-1
165,46,195,161,21,63,-1,-1,-1,-1
165,59,962,164,58,166,-1,-1,-1,-1
166,1,1070,150,77,197,-1,-1,-1,-1
166,3,990,165,53,140,-1,-1,-1,-1
166,5,355,176,36,70,-1,-1,-1,-1
166,6,1123,157,102,222,-1,-1,-1,-1
166,7,915,156,104,189,-1,-1,-1,-1
166,8,155,159,30,65,-1,-1,-1,-1
166,46,190,161,23,64,-1,-1,-1,-1
166,59,983,162,61,161,-1,-1,-1,-1
167,1,1099,150,61,205,-1,-1,-1,-1
167,5,356,176,25,80,-1,-1,-1,-1
167,6,1167,156,74,222,-1,-1,-1,-1
167,7,933,154,84,191,-1,-1,-1,-1
167,8,153,159,28,66,-1,-1,-1,-1
167,46,188,161,22,64,-1,-1,-1,-1
167,59,998,165,74,163,-1,-1,-1,-1
167,61,782,174,66,118,-1,-1,-1,-1
168,1,1103,150,92,208,-1,-1,-1,-1
168,5,346,170,27,86,-1,-1,-1,-1
168,6,1186,156,61,221,-1,-1,-1,-1
168,7,970,153,49,189,-1,-1,-1,-1
168,8,153,159,28,67,-1,-1,-1,-1
168,46,187,162,21,64,-1,-1,-1,-1
168,59,979,165,101,170,-1,-1,-1,-1
168,61,799,173,66,123,-1,-1,-1,-1
169,1,1103,153,103,208,-1,-1,-1,-1
169,5,324,173,37,83,-1,-1,-1,-1
169,6,1187,156,60,221,-1,-1,-1,-1
169,7,981,153,56,196,-1,-1,-1,-1
169,8,152,158,26,67,-1,-1,-1,-1
169,46,185,159,25,67,-1,-1,-1,-1
169,59,1024,159,74,175,-1,-1,-1,-1
169,61,812,169,70,132,-1,-1,-1,-1
170,1,1109,155,115,213,-1,-1,-1,-1
170,3,1070,157,62,144,-1,-1,-1,-1
170,5,310,173,42,82,-1,-1,-1,-1
170,6,1200,156,47,221,-1,-1,-1,-1
170,7,986,156,102,197,-1,-1,-1,-1
170,8,149,157,27,68,-1,-1,-1,-1
170,46,183,158,23,68,-1,-1,-1,-1
170,59,1038,157,48,159,-1,-1,-1,-1
171,1,1136,153,88,210,-1,-1,-1,-1
171,3,1055,158,57,148,-1,-1,-1,-1
171,5,295,173,42,92,-1,-1,-1,-1
171,7,981,160,120,202,-1,-1,-1,-1
171,8,144,156,28,69,-1,-1,-1,-1
171,15,1090,158,75,78,-1,-1,-1,-1
171,46,180,156,22,70,-1,-1,-1,-1
171,59,1050,156,48,159,-1,-1,-1,-1
172,1,1176,150,69,216,-1,-1,-1,-1
172,3,1099,156,89,161,-1,-1,-1,-1
172,5,277,172,48,103,-1,-1,-1,-1
172,7,986,160,118,203,-1,-1,-1,-1
172,8,141,155,28,71,-1,-1,-1,-1
172,15,1125,155,64,77,-1,-1,-1,-1
172,26,140,161,30,65,-1,-1,-1,-1
172,46,170,155,32,72,-1,-1,-1,-1
173,1,1179,154,68,219,-1,-1,-1,-1
173,3,1119,156,93,165,-1,-1,-1,-1
173,4,199,172,14,30,-1,-1,-1,-1
173,5,257,172,53,100,-1,-1,-1,-1
173,7,1025,152,131,209,-1,-1,-1,-1
173,15,1142,150,64,73,-1,-1,-1,-1
173,26,137,161,30,65,-1,-1,-1,-1
174,1,1184,154,63,210,-1,-1,-1,-1
174,4,199,172,15,30,-1,-1,-1,-1
174,5,242,175,52,103,-1,-1,-1,-1
174,7,1057,151,97,211,-1,-1,-1,-1
174,23,856,184,31,71,-1,-1,-1,-1
174,26,135,160,29,65,-1,-1,-1,-1
174,46,167,161,30,66,-1,-1,-1,-1
175,1,1196,155,51,210,-1,-1,-1,-1
175,5,218,176,58,116,-1,-1,-1,-1
175,6,1187,180,60,187,-1,-1,-1,-1
175,7,1061,152,101,212,-1,-1,-1,-1
175,23,843,176,27,72,-1,-1,-1,-1
175,26,134,160,26,66,-1,-1,-1,-1
175,33,183,159,16,44,-1,-1,-1,-1
176,5,218,182,41,117,-1,-1,-1,-1
176,6,1194,182,53,184,-1,-1,-1,-1
176,7,1068,156,121,216,-1,-1,-1,-1
176,26,132,158,23,66,-1,-1,-1,-1
176,33,153,158,15,44,-1,-1,-1,-1
176,46,159,159,26,68,-1,-1,-1,-1
177,5,182,172,52,128,-1,-1,-1,-1
177,7,1069,156,138,216,-1,-1,-1,-1
177,8,127,154,25,73,-1,-1,-1,-1
177,26,128,157,25,68,-1,-1,-1,-1
177,46,155,161,28,67,-1,-1,-1,-1
178,5,164,182,46,123,-1,-1,-1,-1
178,7,1092,154,150,217,-1,-1,-1,-1
178,8,125,154,24,73,-1,-1,-1,-1
178,15,923,183,25,45,-1,-1,-1,-1
178,18,124,177,82,129,-1,-1,-1,-1
178,26,117,157,34,69,-1,-1,-1,-1
178,33,151,161,22,48,-1,-1,-1,-1
178,46,151,162,29,67,-1,-1,-1,-1
178,55,152,160,19,29,-1,-1,-1,-1
179,2,434,171,13,27,-1,-1,-1,-1
179,4,121,159,18,37,-1,-1,-1,-1
179,5,146,183,48,126,-1,-1,-1,-1
179,7,1142,151,104,221,-1,-1,-1,-1
179,15,916,185,22,40,-1,-1,-1,-1
179,18,83,172,94,149,-1,-1,-1,-1
180,2,434,170,13,28,-1,-1,-1,-1
180,4,114,158,19,38,-1,-1,-1,-1
180,7,1163,150,84,219,-1,-1,-1,-1
180,18,33,174,108,156,-1,-1,-1,-1
180,23,947,183,33,68,-1,-1,-1,-1
180,26,117,157,29,68,-1,-1,-1,-1
180,33,140,161,30,45,-1,-1,-1,-1
180,46,148,159,29,68,-1,-1,-1,-1
181,2,433,169,14,29,-1,-1,-1,-1
181,7,1164,153,83,218,-1,-1,-1,-1
181,8,112,155,29,75,-1,-1,-1,-1
181,18,4,174,93,178,-1,-1,-1,-1
181,23,957,182,32,68,-1,-1,-1,-1
181,26,114,157,30,68,-1,-1,-1,-1
182,7,1165,153,82,217,-1,-1,-1,-1
182,8,105,154,31,76,-1,-1,-1,-1
182,18,0,176,44,195,-1,-1,-1,-1
182,33,185,160,15,44,-1,-1,-1,-1
182,46,141,158,27,72,-1,-1,-1,-1
182,59,1062,170,88,121,-1,-1,-1,-1
182,61,1078,168,90,139,-1,-1,-1,-1
183,2,433,170,14,29,-1,-1,-1,-1
183,6,1183,177,64,194,-1,-1,-1,-1
183,7,1177,153,70,218,-1,-1,-1,-1
183,8,100,154,32,76,-1,-1,-1,-1
183,18,0,176,13,201,-1,-1,-1,-1
183,33,186,159,14,45,-1,-1,-1,-1
184,1,1202,243,45,128,-1,-1,-1,-1
184,2,435,171,12,27,-1,-1,-1,-1
184,6,1184,177,63,195,-1,-1,-1,-1
184,8,96,154,32,76,-1,-1,-1,-1
184,23,1014,189,34,59,-1,-1,-1,-1
184,26,92,157,36,72,-1,-1,-1,-1
184,33,186,159,14,45,-1,-1,-1,-1
185,1,1207,249,40,123,-1,-1,-1,-1
185,2,434,170,13,28,-1,-1,-1,-1
185,3,1173,168,74,161,-1,-1,-1,-1
186,3,1182,169,65,161,-1,-1,-1,-1
186,8,85,156,33,76,-1,-1,-1,-1
186,26,84,158,37,70,-1,-1,-1,-1
187,2,432,171,16,27,-1,-1,-1,-1
187,8,81,157,29,73,-1,-1,-1,-1
187,46,122,157,28,76,-1,-1,-1,-1
188,2,432,171,16,26,-1,-1,-1,-1
188,8,78,157,28,72,-1,-1,-1,-1
188,46,116,158,32,76,-1,-1,-1,-1
189,2,432,171,15,25,-1,-1,-1,-1
189,8,74,157,28,73,-1,-1,-1,-1
190,2,433,172,13,26,-1,-1,-1,-1
190,26,55,156,47,75,-1,-1,-1,-1
190,46,110,159,33,74,-1,-1,-1,-1
191,2,433,172,11,26,-1,-1,-1,-1
191,23,1129,189,35,64,-1,-1,-1,-1
191,26,54,154,47,78,-1,-1,-1,-1
191,46,108,158,31,76,-1,-1,-1,-1
192,1,1142,190,33,42,-1,-1,-1,-1
192,2,433,172,11,26,-1,-1,-1,-1
192,23,1143,188,36,66,-1,-1,-1,-1
192,26,55,152,38,80,-1,-1,-1,-1
193,1,1142,189,25,32,-1,-1,-1,-1
193,2,433,173,11,28,-1,-1,-1,-1
193,23,1161,191,33,64,-1,-1,-1,-1
193,26,51,152,32,81,-1,-1,-1,-1
194,2,433,173,11,28,-1,-1,-1,-1
194,23,1172,192,28,64,-1,-1,-1,-1
194,26,43,151,35,83,-1,-1,-1,-1
194,46,87,157,43,78,-1,-1,-1,-1
195,2,432,172,13,29,-1,-1,-1,-1
195,23,1187,193,26,63,-1,-1,-1,-1
195,26,33,153,39,82,-1,-1,-1,-1
196,2,433,171,12,29,-1,-1,-1,-1
196,26,27,153,43,82,-1,-1,-1,-1
196,46,86,157,37,78,-1,-1,-1,-1
197,2,431,171,13,30,-1,-1,-1,-1
197,26,28,153,37,81,-1,-1,-1,-1
197,46,81,155,35,80,-1,-1,-1,-1
198,2,430,171,15,31,-1,-1,-1,-1
198,26,26,155,33,80,-1,-1,-1,-1
198,46,77,156,32,80,-1,-1,-1,-1
199,2,430,171,14,31,-1,-1,-1,-1
199,8,22,153,30,78,-1,-1,-1,-1
199,26,21,155,33,80,-1,-1,-1,-1
200,4,0,169,10,69,-1,-1,-1,-1
200,8,18,151,27,81,-1,-1,-1,-1
200,46,68,157,36,80,-1,-1,-1,-1
200,55,106,182,16,28,-1,-1,-1,-1
201,2,430,172,12,30,-1,-1,-1,-1
201,4,0,169,4,72,-1,-1,-1,-1
201,5,0,151,20,42,-1,-1,-1,-1
201,6,0,167,23,85,-1,-1,-1,-1
201,8,14,150,26,83,-1,-1,-1,-1
202,2,429,171,14,32,-1,-1,-1,-1
202,5,0,150,11,37,-1,-1,-1,-1
202,6,0,167,-42,78,-1,-1,-1,-1
203,2,429,171,14,32,-1,-1,-1,-1
203,8,0,157,42,94,-1,-1,-1,-1
203,46,60,155,32,85,-1,-1,-1,-1
204,2,429,171,14,32,-1,-1,-1,-1
204,8,6,149,18,91,-1,-1,-1,-1
204,46,52,155,37,84,-1,-1,-1,-1
204,64,9,168,35,83,-1,-1,-1,-1
205,2,429,170,14,32,-1,-1,-1,-1
205,7,21,155,31,95,-1,-1,-1,-1
205,8,0,153,19,85,-1,-1,-1,-1
205,33,207,174,24,30,-1,-1,-1,-1
205,46,41,155,44,85,-1,-1,-1,-1
206,2,427,170,16,32,-1,-1,-1,-1
206,7,25,157,36,93,-1,-1,-1,-1
206,8,0,154,14,84,-1,-1,-1,-1
206,33,208,175,22,28,-1,-1,-1,-1
206,46,45,155,37,87,-1,-1,-1,-1
206,55,104,182,19,28,-1,-1,-1,-1
207,2,427,171,16,32,-1,-1,-1,-1
207,7,32,156,36,91,-1,-1,-1,-1
207,8,0,154,9,84,-1,-1,-1,-1
207,26,0,160,13,73,-1,-1,-1,-1
207,33,208,175,22,28,-1,-1,-1,-1
208,2,427,169,14,32,-1,-1,-1,-1
208,3,1176,167,71,167,-1,-1,-1,-1
208,7,57,158,24,88,-1,-1,-1,-1
208,26,0,159,9,75,-1,-1,-1,-1
208,33,207,174,24,29,-1,-1,-1,-1
208,46,28,154,45,95,-1,-1,-1,-1
209,2,427,171,15,32,-1,-1,-1,-1
209,3,1157,164,90,169,-1,-1,-1,-1
209,7,68,159,23,85,-1,-1,-1,-1
209,33,208,175,23,27,-1,-1,-1,-1
