3,1,220,162,23,65,-1,-1,-1,-1
3,2,820,181,35,96,-1,-1,-1,-1
3,3,289,169,24,70,-1,-1,-1,-1
3,4,313,170,66,135,-1,-1,-1,-1
3,5,468,170,39,94,-1,-1,-1,-1
3,6,318,168,26,78,-1,-1,-1,-1
3,7,249,170,19,56,-1,-1,-1,-1
3,8,769,165,39,124,-1,-1,-1,-1
4,1,219,162,25,65,-1,-1,-1,-1
4,2,823,183,37,98,-1,-1,-1,-1
4,3,288,168,26,62,-1,-1,-1,-1
4,4,288,182,68,132,-1,-1,-1,-1
4,5,469,166,44,99,-1,-1,-1,-1
4,6,316,168,28,83,-1,-1,-1,-1
4,7,250,169,18,58,-1,-1,-1,-1
4,8,775,166,41,127,-1,-1,-1,-1
5,1,220,163,24,66,-1,-1,-1,-1
5,2,829,177,36,112,-1,-1,-1,-1
5,3,342,172,14,59,-1,-1,-1,-1
5,4,258,179,70,149,-1,-1,-1,-1
5,5,473,171,46,95,-1,-1,-1,-1
5,6,329,175,20,60,-1,-1,-1,-1
5,7,251,173,17,54,-1,-1,-1,-1
5,8,782,165,39,128,-1,-1,-1,-1
6,1,219,163,24,68,-1,-1,-1,-1
6,2,834,175,35,113,-1,-1,-1,-1
6,3,329,170,20,64,-1,-1,-1,-1
6,4,225,180,84,159,-1,-1,-1,-1
6,5,484,171,35,94,-1,-1,-1,-1
6,6,347,169,16,61,-1,-1,-1,-1
6,7,251,173,16,54,-1,-1,-1,-1
6,8,792,165,36,127,-1,-1,-1,-1
7,1,219,163,24,68,-1,-1,-1,-1
7,2,845,170,31,118,-1,-1,-1,-1
7,3,331,167,22,69,-1,-1,-1,-1
7,4,183,180,98,168,-1,-1,-1,-1
7,5,489,172,33,94,-1,-1,-1,-1
7,6,313,167,19,61,-1,-1,-1,-1
7,7,289,170,24,67,-1,-1,-1,-1
7,8,796,163,42,131,-1,-1,-1,-1
8,1,220,164,23,53,-1,-1,-1,-1
8,2,848,175,37,111,-1,-1,-1,-1
8,3,292,169,25,70,-1,-1,-1,-1
8,4,134,178,113,183,-1,-1,-1,-1
8,5,489,168,47,98,-1,-1,-1,-1
8,6,326,171,20,63,-1,-1,-1,-1
8,7,314,167,17,65,-1,-1,-1,-1
8,8,796,153,54,139,-1,-1,-1,-1
9,1,219,164,21,66,-1,-1,-1,-1
9,2,850,179,51,113,-1,-1,-1,-1
9,3,294,169,24,71,-1,-1,-1,-1
9,4,69,180,138,195,-1,-1,-1,-1
9,5,493,173,48,96,-1,-1,-1,-1
9,6,285,169,17,57,-1,-1,-1,-1
9,7,335,170,19,67,-1,-1,-1,-1
9,8,798,167,59,127,-1,-1,-1,-1
9,16,251,167,26,64,-1,-1,-1,-1
10,1,218,163,23,68,-1,-1,-1,-1
10,2,851,174,56,121,-1,-1,-1,-1
10,3,297,168,26,68,-1,-1,-1,-1
10,4,0,179,154,199,-1,-1,-1,-1
10,5,499,171,40,96,-1,-1,-1,-1
10,6,285,170,17,62,-1,-1,-1,-1
10,7,336,167,25,68,-1,-1,-1,-1
10,8,804,167,56,130,-1,-1,-1,-1
10,16,252,167,25,64,-1,-1,-1,-1
11,1,216,163,27,70,-1,-1,-1,-1
11,2,852,178,62,117,-1,-1,-1,-1
11,3,299,167,28,71,-1,-1,-1,-1
11,4,0,192,85,184,-1,-1,-1,-1
11,5,511,168,32,100,-1,-1,-1,-1
11,6,323,169,20,61,-1,-1,-1,-1
11,7,339,173,24,66,-1,-1,-1,-1
11,8,827,165,39,133,-1,-1,-1,-1
11,16,251,167,25,63,-1,-1,-1,-1
12,1,218,163,25,70,-1,-1,-1,-1
12,2,864,177,50,118,-1,-1,-1,-1
12,3,298,166,32,75,-1,-1,-1,-1
12,4,0,194,47,189,-1,-1,-1,-1
12,5,520,167,36,102,-1,-1,-1,-1
12,6,286,170,17,62,-1,-1,-1,-1
12,7,338,171,24,70,-1,-1,-1,-1
12,8,834,164,38,136,-1,-1,-1,-1
13,1,218,164,26,66,-1,-1,-1,-1
13,2,882,175,38,120,-1,-1,-1,-1
13,3,298,166,33,77,-1,-1,-1,-1
13,5,526,167,43,104,-1,-1,-1,-1
13,6,285,171,18,62,-1,-1,-1,-1
13,7,337,169,26,73,-1,-1,-1,-1
13,8,840,165,43,138,-1,-1,-1,-1
13,16,251,169,24,65,-1,-1,-1,-1
14,1,219,162,25,70,-1,-1,-1,-1
14,2,889,177,38,121,-1,-1,-1,-1
14,3,301,165,31,77,-1,-1,-1,-1
14,5,530,169,46,104,-1,-1,-1,-1
14,6,285,169,19,65,-1,-1,-1,-1
14,7,340,170,24,73,-1,-1,-1,-1
14,8,840,167,55,139,-1,-1,-1,-1
14,16,250,168,27,68,-1,-1,-1,-1
15,1,219,162,27,71,-1,-1,-1,-1
15,2,891,176,55,121,-1,-1,-1,-1
15,3,302,165,29,77,-1,-1,-1,-1
15,5,533,169,47,105,-1,-1,-1,-1
15,6,286,167,18,68,-1,-1,-1,-1
15,7,339,171,26,72,-1,-1,-1,-1
15,8,847,167,54,141,-1,-1,-1,-1
15,16,251,167,25,68,-1,-1,-1,-1
16,1,219,163,27,70,-1,-1,-1,-1
16,2,894,178,58,122,-1,-1,-1,-1
16,3,305,166,25,78,-1,-1,-1,-1
16,5,544,168,36,105,-1,-1,-1,-1
16,6,284,167,23,67,-1,-1,-1,-1
16,7,341,166,25,76,-1,-1,-1,-1
16,8,866,164,40,141,-1,-1,-1,-1
16,16,251,167,28,69,-1,-1,-1,-1
17,1,220,165,24,70,-1,-1,-1,-1
17,2,900,173,55,129,-1,-1,-1,-1
17,3,306,165,26,81,-1,-1,-1,-1
17,5,549,167,33,107,-1,-1,-1,-1
17,6,254,171,24,65,-1,-1,-1,-1
17,7,343,166,27,78,-1,-1,-1,-1
17,8,877,162,38,146,-1,-1,-1,-1
17,16,289,171,19,64,-1,-1,-1,-1
18,1,219,164,27,72,-1,-1,-1,-1
18,2,922,179,35,125,-1,-1,-1,-1
18,3,306,167,29,78,-1,-1,-1,-1
18,5,552,169,45,108,-1,-1,-1,-1
18,6,255,168,22,69,-1,-1,-1,-1
18,7,352,172,24,72,-1,-1,-1,-1
18,8,882,162,45,148,-1,-1,-1,-1
18,16,288,169,21,66,-1,-1,-1,-1
19,1,219,164,26,71,-1,-1,-1,-1
19,2,934,172,31,129,-1,-1,-1,-1
19,3,308,169,30,78,-1,-1,-1,-1
19,5,554,169,49,110,-1,-1,-1,-1
19,6,254,168,24,70,-1,-1,-1,-1
19,7,355,171,21,67,-1,-1,-1,-1
19,8,883,165,67,147,-1,-1,-1,-1
19,16,290,170,21,67,-1,-1,-1,-1
19,25,341,167,21,67,-1,-1,-1,-1
20,1,220,164,27,72,-1,-1,-1,-1
20,2,940,179,45,125,-1,-1,-1,-1
20,3,313,169,27,76,-1,-1,-1,-1
20,5,556,173,47,108,-1,-1,-1,-1
20,6,255,167,22,70,-1,-1,-1,-1
20,7,358,173,23,71,-1,-1,-1,-1
20,8,883,171,78,145,-1,-1,-1,-1
20,16,287,170,22,68,-1,-1,-1,-1
20,25,307,169,19,70,-1,-1,-1,-1
20,28,383,168,12,39,-1,-1,-1,-1
21,1,220,163,25,74,-1,-1,-1,-1
21,2,948,180,57,126,-1,-1,-1,-1
21,3,306,167,18,72,-1,-1,-1,-1
21,5,570,169,41,110,-1,-1,-1,-1
21,6,286,169,17,68,-1,-1,-1,-1
21,7,357,171,34,76,-1,-1,-1,-1
21,8,892,166,75,150,-1,-1,-1,-1
21,16,258,169,22,67,-1,-1,-1,-1
21,25,294,169,18,69,-1,-1,-1,-1
21,28,384,168,11,38,-1,-1,-1,-1
22,1,219,164,26,75,-1,-1,-1,-1
22,2,953,170,59,140,-1,-1,-1,-1
22,3,343,167,17,66,-1,-1,-1,-1
22,5,579,170,32,111,-1,-1,-1,-1
22,6,293,169,20,69,-1,-1,-1,-1
22,7,358,174,30,73,-1,-1,-1,-1
22,8,909,164,59,152,-1,-1,-1,-1
22,16,257,171,22,67,-1,-1,-1,-1
22,25,318,168,30,76,-1,-1,-1,-1
23,1,219,165,29,76,-1,-1,-1,-1
23,2,953,175,65,138,-1,-1,-1,-1
23,3,343,167,17,67,-1,-1,-1,-1
23,5,585,168,38,113,-1,-1,-1,-1
23,6,295,169,20,70,-1,-1,-1,-1
23,7,364,169,23,76,-1,-1,-1,-1
23,8,929,157,49,157,-1,-1,-1,-1
23,16,259,172,25,69,-1,-1,-1,-1
23,25,319,168,36,78,-1,-1,-1,-1
23,31,545,172,10,22,-1,-1,-1,-1
24,1,220,165,31,74,-1,-1,-1,-1
24,2,984,173,34,138,-1,-1,-1,-1
24,3,343,168,16,68,-1,-1,-1,-1
24,5,588,172,44,111,-1,-1,-1,-1
24,6,295,168,22,72,-1,-1,-1,-1
24,7,367,168,23,79,-1,-1,-1,-1
24,8,938,163,57,157,-1,-1,-1,-1
24,16,259,170,27,69,-1,-1,-1,-1
24,25,311,166,17,75,-1,-1,-1,-1
24,28,189,170,13,33,-1,-1,-1,-1
24,31,546,172,9,21,-1,-1,-1,-1
25,1,222,165,29,75,-1,-1,-1,-1
25,2,992,174,35,127,-1,-1,-1,-1
25,3,343,171,17,67,-1,-1,-1,-1
25,5,596,167,49,116,-1,-1,-1,-1
25,6,298,168,22,72,-1,-1,-1,-1
25,7,367,174,31,75,-1,-1,-1,-1
25,8,938,164,78,157,-1,-1,-1,-1
25,16,262,171,23,70,-1,-1,-1,-1
25,25,324,169,33,82,-1,-1,-1,-1
25,28,188,171,13,31,-1,-1,-1,-1
25,33,282,171,17,62,-1,-1,-1,-1
26,1,221,164,32,77,-1,-1,-1,-1
26,2,1003,175,40,142,-1,-1,-1,-1
26,3,330,171,24,68,-1,-1,-1,-1
26,5,604,168,46,113,-1,-1,-1,-1
26,6,300,167,23,72,-1,-1,-1,-1
26,7,368,170,31,80,-1,-1,-1,-1
26,8,941,180,88,145,-1,-1,-1,-1
26,16,262,170,23,72,-1,-1,-1,-1
26,25,323,169,36,84,-1,-1,-1,-1
26,28,188,171,13,32,-1,-1,-1,-1
27,1,222,165,31,77,-1,-1,-1,-1
27,2,1013,176,59,143,-1,-1,-1,-1
27,3,325,169,17,69,-1,-1,-1,-1
27,5,617,167,36,115,-1,-1,-1,-1
27,6,283,171,18,65,-1,-1,-1,-1
27,7,372,172,31,79,-1,-1,-1,-1
27,8,955,163,79,162,-1,-1,-1,-1
27,16,263,170,24,72,-1,-1,-1,-1
27,25,329,168,28,83,-1,-1,-1,-1
27,28,188,171,13,31,-1,-1,-1,-1
27,33,301,170,22,68,-1,-1,-1,-1
28,1,223,166,28,78,-1,-1,-1,-1
28,2,1016,174,66,145,-1,-1,-1,-1
28,3,322,167,19,70,-1,-1,-1,-1
28,5,617,166,52,117,-1,-1,-1,-1
28,6,283,167,17,67,-1,-1,-1,-1
28,7,379,172,27,79,-1,-1,-1,-1
28,8,976,162,64,162,-1,-1,-1,-1
28,16,264,169,24,72,-1,-1,-1,-1
28,25,332,168,29,84,-1,-1,-1,-1
28,28,179,171,13,31,-1,-1,-1,-1
29,1,223,165,29,80,-1,-1,-1,-1
29,2,1013,172,71,151,-1,-1,-1,-1
29,3,306,173,22,70,-1,-1,-1,-1
29,5,620,171,60,117,-1,-1,-1,-1
29,6,287,168,22,67,-1,-1,-1,-1
29,7,385,172,28,81,-1,-1,-1,-1
29,8,996,164,58,162,-1,-1,-1,-1
29,16,265,168,28,74,-1,-1,-1,-1
29,25,332,168,29,85,-1,-1,-1,-1
29,28,197,172,13,30,-1,-1,-1,-1
29,31,199,170,12,20,-1,-1,-1,-1
29,33,320,168,26,75,-1,-1,-1,-1
30,1,222,163,32,73,-1,-1,-1,-1
30,2,1047,172,38,152,-1,-1,-1,-1
30,3,290,168,21,67,-1,-1,-1,-1
30,5,628,170,58,120,-1,-1,-1,-1
30,6,307,172,20,71,-1,-1,-1,-1
30,7,387,174,38,78,-1,-1,-1,-1
30,8,1002,179,72,148,-1,-1,-1,-1
30,16,269,167,25,76,-1,-1,-1,-1
30,25,333,168,31,86,-1,-1,-1,-1
30,28,197,171,13,32,-1,-1,-1,-1
30,31,153,170,12,19,-1,-1,-1,-1
30,33,322,166,19,73,-1,-1,-1,-1
31,1,226,165,29,79,-1,-1,-1,-1
31,2,1057,172,44,140,-1,-1,-1,-1
31,3,291,167,18,71,-1,-1,-1,-1
31,5,645,165,41,124,-1,-1,-1,-1
31,6,310,172,20,72,-1,-1,-1,-1
31,7,390,174,39,78,-1,-1,-1,-1
31,8,1004,165,97,164,-1,-1,-1,-1
31,16,273,166,22,77,-1,-1,-1,-1
31,25,337,170,31,84,-1,-1,-1,-1
31,28,197,169,13,34,-1,-1,-1,-1
32,1,227,166,31,80,-1,-1,-1,-1
32,2,1074,176,53,146,-1,-1,-1,-1
32,3,297,167,17,72,-1,-1,-1,-1
32,5,654,165,45,125,-1,-1,-1,-1
32,6,340,170,18,81,-1,-1,-1,-1
32,7,394,174,34,78,-1,-1,-1,-1
32,8,1008,164,94,168,-1,-1,-1,-1
32,16,274,165,24,78,-1,-1,-1,-1
32,25,343,170,30,84,-1,-1,-1,-1
32,28,197,170,14,34,-1,-1,-1,-1
32,33,310,173,23,71,-1,-1,-1,-1
33,1,230,167,30,80,-1,-1,-1,-1
33,2,1085,177,61,150,-1,-1,-1,-1
33,3,298,169,18,69,-1,-1,-1,-1
33,5,664,167,41,125,-1,-1,-1,-1
33,6,345,168,38,88,-1,-1,-1,-1
33,7,400,171,26,81,-1,-1,-1,-1
33,8,1024,163,81,169,-1,-1,-1,-1
33,16,274,165,26,79,-1,-1,-1,-1
33,25,344,169,22,86,-1,-1,-1,-1
33,28,196,169,15,35,-1,-1,-1,-1
33,33,312,174,23,70,-1,-1,-1,-1
34,1,230,166,32,81,-1,-1,-1,-1
34,2,1090,176,70,154,-1,-1,-1,-1
34,3,300,168,19,73,-1,-1,-1,-1
34,5,667,171,51,124,-1,-1,-1,-1
34,6,349,167,42,91,-1,-1,-1,-1
34,7,402,170,28,83,-1,-1,-1,-1
34,8,1050,162,61,169,-1,-1,-1,-1
34,16,277,166,24,79,-1,-1,-1,-1
34,25,349,171,38,86,-1,-1,-1,-1
34,28,197,169,14,35,-1,-1,-1,-1
35,1,234,166,32,80,-1,-1,-1,-1
35,2,1111,177,50,154,-1,-1,-1,-1
35,3,298,167,21,73,-1,-1,-1,-1
35,5,676,165,48,129,-1,-1,-1,-1
35,6,319,168,24,79,-1,-1,-1,-1
35,7,403,170,36,83,-1,-1,-1,-1
35,8,1076,162,50,171,-1,-1,-1,-1
35,16,277,164,26,81,-1,-1,-1,-1
35,25,352,171,40,86,-1,-1,-1,-1
35,28,197,170,14,33,-1,-1,-1,-1
35,33,340,167,18,72,-1,-1,-1,-1
36,1,243,167,25,79,-1,-1,-1,-1
36,2,1126,169,42,171,-1,-1,-1,-1
36,3,304,167,18,63,-1,-1,-1,-1
36,5,696,164,36,130,-1,-1,-1,-1
36,6,285,173,25,71,-1,-1,-1,-1
36,7,404,174,38,80,-1,-1,-1,-1
36,8,1074,163,82,175,-1,-1,-1,-1
36,16,275,163,21,73,-1,-1,-1,-1
36,25,356,169,33,88,-1,-1,-1,-1
36,28,197,170,13,33,-1,-1,-1,-1
36,33,320,168,24,78,-1,-1,-1,-1
37,1,242,167,30,83,-1,-1,-1,-1
37,2,1139,174,41,138,-1,-1,-1,-1
37,3,327,175,22,70,-1,-1,-1,-1
37,5,697,165,46,130,-1,-1,-1,-1
37,6,286,169,30,78,-1,-1,-1,-1
37,7,408,175,34,79,-1,-1,-1,-1
37,8,1074,164,111,178,-1,-1,-1,-1
37,16,318,170,20,77,-1,-1,-1,-1
37,25,363,168,27,89,-1,-1,-1,-1
37,28,198,170,14,33,-1,-1,-1,-1
37,33,344,169,21,73,-1,-1,-1,-1
38,1,245,166,30,83,-1,-1,-1,-1
38,2,1149,174,44,138,-1,-1,-1,-1
38,3,320,171,19,70,-1,-1,-1,-1
38,5,698,168,69,130,-1,-1,-1,-1
38,6,275,163,21,76,-1,-1,-1,-1
38,7,416,173,29,80,-1,-1,-1,-1
38,8,1139,168,74,172,-1,-1,-1,-1
38,16,288,167,32,80,-1,-1,-1,-1
38,25,365,168,29,90,-1,-1,-1,-1
38,28,197,170,13,33,-1,-1,-1,-1
38,33,328,174,26,72,-1,-1,-1,-1
39,1,247,167,31,83,-1,-1,-1,-1
39,2,1157,170,83,176,-1,-1,-1,-1
39,3,319,168,21,69,-1,-1,-1,-1
39,5,707,169,69,130,-1,-1,-1,-1
39,6,275,171,19,68,-1,-1,-1,-1
39,7,425,173,28,81,-1,-1,-1,-1
39,8,1137,163,53,183,-1,-1,-1,-1
39,16,289,168,32,83,-1,-1,-1,-1
39,25,364,168,43,90,-1,-1,-1,-1
39,33,348,167,20,74,-1,-1,-1,-1
40,1,249,167,32,84,-1,-1,-1,-1
40,2,1126,162,119,185,-1,-1,-1,-1
40,3,320,167,21,78,-1,-1,-1,-1
40,5,716,166,61,133,-1,-1,-1,-1
40,6,277,163,19,76,-1,-1,-1,-1
40,7,427,173,29,82,-1,-1,-1,-1
40,8,1148,163,56,185,-1,-1,-1,-1
40,16,291,166,30,85,-1,-1,-1,-1
40,25,367,171,40,89,-1,-1,-1,-1
41,1,256,166,26,84,-1,-1,-1,-1
41,2,1191,179,53,170,-1,-1,-1,-1
41,3,308,169,17,75,-1,-1,-1,-1
41,5,742,164,40,135,-1,-1,-1,-1
41,6,277,166,18,72,-1,-1,-1,-1
41,7,431,175,27,81,-1,-1,-1,-1
41,8,1154,162,69,187,-1,-1,-1,-1
41,16,294,168,29,82,-1,-1,-1,-1
41,25,374,170,33,89,-1,-1,-1,-1
41,33,335,176,23,73,-1,-1,-1,-1
42,1,258,167,27,84,-1,-1,-1,-1
42,2,1153,179,93,169,-1,-1,-1,-1
42,3,325,177,17,62,-1,-1,-1,-1
42,5,749,165,42,137,-1,-1,-1,-1
42,6,310,170,18,68,-1,-1,-1,-1
42,7,435,174,26,83,-1,-1,-1,-1
42,8,1175,158,72,114,-1,-1,-1,-1
42,16,298,169,28,82,-1,-1,-1,-1
42,25,382,169,30,90,-1,-1,-1,-1
42,33,338,176,22,75,-1,-1,-1,-1
43,1,257,168,38,84,-1,-1,-1,-1
43,2,1157,166,90,181,-1,-1,-1,-1
43,3,331,174,19,74,-1,-1,-1,-1
43,5,757,167,54,135,-1,-1,-1,-1
43,6,298,169,22,80,-1,-1,-1,-1
43,7,441,173,23,83,-1,-1,-1,-1
43,8,1188,157,59,108,-1,-1,-1,-1
43,16,303,170,28,84,-1,-1,-1,-1
43,25,388,168,33,92,-1,-1,-1,-1
44,1,259,170,38,84,-1,-1,-1,-1
44,2,1178,161,69,186,-1,-1,-1,-1
44,3,331,173,17,73,-1,-1,-1,-1
44,5,759,169,65,140,-1,-1,-1,-1
44,6,304,172,29,83,-1,-1,-1,-1
44,7,446,173,28,83,-1,-1,-1,-1
44,16,306,171,28,84,-1,-1,-1,-1
44,25,391,168,40,94,-1,-1,-1,-1
45,1,261,167,38,87,-1,-1,-1,-1
45,2,1211,172,36,182,-1,-1,-1,-1
45,3,300,171,18,67,-1,-1,-1,-1
45,5,771,154,61,156,-1,-1,-1,-1
45,6,334,172,22,79,-1,-1,-1,-1
45,7,448,173,29,84,-1,-1,-1,-1
45,16,310,171,30,83,-1,-1,-1,-1
45,25,394,169,40,94,-1,-1,-1,-1
45,33,348,177,28,75,-1,-1,-1,-1
46,1,269,166,34,89,-1,-1,-1,-1
46,2,1218,172,29,185,-1,-1,-1,-1
46,3,303,170,19,71,-1,-1,-1,-1
46,5,780,141,57,169,-1,-1,-1,-1
46,6,349,174,25,79,-1,-1,-1,-1
46,7,448,174,41,84,-1,-1,-1,-1
46,16,317,172,25,82,-1,-1,-1,-1
46,25,399,167,40,96,-1,-1,-1,-1
47,1,273,166,35,90,-1,-1,-1,-1
47,3,305,169,21,74,-1,-1,-1,-1
47,5,799,166,57,147,-1,-1,-1,-1
47,6,356,176,25,78,-1,-1,-1,-1
47,7,450,177,44,82,-1,-1,-1,-1
47,16,320,171,26,84,-1,-1,-1,-1
47,25,406,167,35,96,-1,-1,-1,-1
47,33,347,169,21,77,-1,-1,-1,-1
48,1,277,167,34,90,-1,-1,-1,-1
48,3,308,166,19,78,-1,-1,-1,-1
48,5,805,167,77,148,-1,-1,-1,-1
48,6,361,177,24,78,-1,-1,-1,-1
48,7,457,173,37,85,-1,-1,-1,-1
48,16,323,170,31,86,-1,-1,-1,-1
48,25,411,168,31,95,-1,-1,-1,-1
48,33,349,169,22,80,-1,-1,-1,-1
49,1,281,166,32,92,-1,-1,-1,-1
49,3,311,167,20,79,-1,-1,-1,-1
49,5,812,168,89,149,-1,-1,-1,-1
49,6,365,178,26,78,-1,-1,-1,-1
49,7,467,172,29,87,-1,-1,-1,-1
49,16,325,173,33,85,-1,-1,-1,-1
49,25,415,167,36,97,-1,-1,-1,-1
50,1,285,165,31,95,-1,-1,-1,-1
50,3,315,169,20,79,-1,-1,-1,-1
50,5,824,171,78,147,-1,-1,-1,-1
50,6,369,178,25,79,-1,-1,-1,-1
50,7,470,170,26,91,-1,-1,-1,-1
50,16,327,174,32,84,-1,-1,-1,-1
50,25,415,168,42,98,-1,-1,-1,-1
50,33,355,170,21,82,-1,-1,-1,-1
51,1,288,166,31,94,-1,-1,-1,-1
51,3,323,169,20,77,-1,-1,-1,-1
51,5,850,167,58,150,-1,-1,-1,-1
51,6,372,175,26,81,-1,-1,-1,-1
51,7,471,174,32,87,-1,-1,-1,-1
51,16,334,172,28,84,-1,-1,-1,-1
51,25,417,168,41,98,-1,-1,-1,-1
51,33,358,168,19,78,-1,-1,-1,-1
52,1,290,166,34,90,-1,-1,-1,-1
52,3,320,170,21,77,-1,-1,-1,-1
52,5,871,166,57,154,-1,-1,-1,-1
52,6,377,175,24,82,-1,-1,-1,-1
52,7,476,174,30,88,-1,-1,-1,-1
52,16,340,172,27,86,-1,-1,-1,-1
52,25,424,168,36,97,-1,-1,-1,-1
52,33,362,169,19,79,-1,-1,-1,-1
53,1,294,167,36,93,-1,-1,-1,-1
53,3,329,170,21,75,-1,-1,-1,-1
53,5,881,166,61,156,-1,-1,-1,-1
53,6,379,177,34,81,-1,-1,-1,-1
53,7,486,175,24,88,-1,-1,-1,-1
53,8,877,212,76,113,-1,-1,-1,-1
53,16,345,171,28,88,-1,-1,-1,-1
53,25,436,167,30,99,-1,-1,-1,-1
54,1,295,168,45,94,-1,-1,-1,-1
54,3,334,168,23,75,-1,-1,-1,-1
54,5,879,165,91,164,-1,-1,-1,-1
54,6,383,178,32,80,-1,-1,-1,-1
54,7,490,182,26,81,-1,-1,-1,-1
54,8,859,216,80,112,-1,-1,-1,-1
54,16,348,172,29,88,-1,-1,-1,-1
54,25,442,166,34,100,-1,-1,-1,-1
55,1,299,171,42,94,-1,-1,-1,-1
55,3,338,167,23,75,-1,-1,-1,-1
55,5,895,165,90,164,-1,-1,-1,-1
55,6,383,178,32,79,-1,-1,-1,-1
55,7,493,173,31,90,-1,-1,-1,-1
55,16,350,174,30,87,-1,-1,-1,-1
55,25,443,168,45,100,-1,-1,-1,-1
56,1,304,169,41,96,-1,-1,-1,-1
56,3,342,168,19,74,-1,-1,-1,-1
56,5,924,165,57,164,-1,-1,-1,-1
56,6,393,176,26,83,-1,-1,-1,-1
56,7,494,173,40,92,-1,-1,-1,-1
56,16,354,169,31,93,-1,-1,-1,-1
56,25,448,169,44,100,-1,-1,-1,-1
56,33,293,167,25,77,-1,-1,-1,-1
57,1,313,168,36,97,-1,-1,-1,-1
57,3,344,169,17,76,-1,-1,-1,-1
57,5,945,160,60,170,-1,-1,-1,-1
57,6,398,175,27,85,-1,-1,-1,-1
57,7,495,175,43,90,-1,-1,-1,-1
57,16,361,167,29,95,-1,-1,-1,-1
57,25,455,169,41,101,-1,-1,-1,-1
57,28,289,164,16,41,-1,-1,-1,-1
57,33,296,167,26,77,-1,-1,-1,-1
58,1,316,167,35,99,-1,-1,-1,-1
58,3,346,169,19,77,-1,-1,-1,-1
58,5,944,165,109,170,-1,-1,-1,-1
58,6,402,179,24,81,-1,-1,-1,-1
58,7,501,177,37,88,-1,-1,-1,-1
58,16,362,170,33,92,-1,-1,-1,-1
58,25,461,167,34,103,-1,-1,-1,-1
58,28,286,164,17,41,-1,-1,-1,-1
58,33,303,165,21,79,-1,-1,-1,-1
59,1,320,169,35,97,-1,-1,-1,-1
59,3,350,170,19,75,-1,-1,-1,-1
59,4,194,162,15,39,-1,-1,-1,-1
59,5,950,167,116,171,-1,-1,-1,-1
59,6,404,179,28,82,-1,-1,-1,-1
59,7,514,175,31,90,-1,-1,-1,-1
59,16,365,169,39,94,-1,-1,-1,-1
59,25,466,167,33,104,-1,-1,-1,-1
59,28,285,164,18,41,-1,-1,-1,-1
59,33,305,161,22,83,-1,-1,-1,-1
60,1,325,170,33,97,-1,-1,-1,-1
60,2,965,181,104,160,-1,-1,-1,-1
60,3,354,173,20,72,-1,-1,-1,-1
60,4,196,163,14,37,-1,-1,-1,-1
60,5,958,168,126,173,-1,-1,-1,-1
60,6,408,178,28,83,-1,-1,-1,-1
60,7,519,174,31,93,-1,-1,-1,-1
60,16,365,171,40,94,-1,-1,-1,-1
60,25,469,168,38,106,-1,-1,-1,-1
60,28,284,164,17,40,-1,-1,-1,-1
60,33,307,162,24,84,-1,-1,-1,-1
61,1,329,170,35,99,-1,-1,-1,-1
61,2,952,182,107,158,-1,-1,-1,-1
61,3,370,169,21,83,-1,-1,-1,-1
61,4,196,162,15,41,-1,-1,-1,-1
61,5,998,159,74,182,-1,-1,-1,-1
61,6,414,176,26,85,-1,-1,-1,-1
61,7,518,175,45,91,-1,-1,-1,-1
61,16,381,173,26,91,-1,-1,-1,-1
61,25,469,169,49,104,-1,-1,-1,-1
61,28,284,163,14,42,-1,-1,-1,-1
62,1,336,169,33,98,-1,-1,-1,-1
62,3,362,173,24,77,-1,-1,-1,-1
62,4,195,161,15,42,-1,-1,-1,-1
62,5,1022,154,76,191,-1,-1,-1,-1
62,6,417,178,26,84,-1,-1,-1,-1
62,7,525,177,41,91,-1,-1,-1,-1
62,16,385,168,26,97,-1,-1,-1,-1
62,25,473,172,46,102,-1,-1,-1,-1
62,28,282,162,16,43,-1,-1,-1,-1
62,33,309,168,28,81,-1,-1,-1,-1
63,1,338,169,36,99,-1,-1,-1,-1
63,3,365,173,25,78,-1,-1,-1,-1
63,4,195,162,15,41,-1,-1,-1,-1
63,5,1033,158,109,189,-1,-1,-1,-1
63,6,419,179,36,84,-1,-1,-1,-1
63,7,533,175,34,93,-1,-1,-1,-1
63,16,386,169,30,98,-1,-1,-1,-1
63,25,483,172,38,101,-1,-1,-1,-1
63,28,281,163,17,42,-1,-1,-1,-1
63,33,313,167,26,82,-1,-1,-1,-1
64,1,342,169,40,101,-1,-1,-1,-1
64,3,337,170,22,82,-1,-1,-1,-1
64,4,196,162,14,41,-1,-1,-1,-1
64,5,1035,156,125,199,-1,-1,-1,-1
64,6,420,182,37,83,-1,-1,-1,-1
64,7,539,174,28,95,-1,-1,-1,-1
64,8,303,165,16,41,-1,-1,-1,-1
64,16,392,172,31,94,-1,-1,-1,-1
64,25,495,166,34,108,-1,-1,-1,-1
64,28,280,163,17,40,-1,-1,-1,-1
64,33,315,167,30,79,-1,-1,-1,-1
65,1,345,168,47,103,-1,-1,-1,-1
65,3,330,169,28,82,-1,-1,-1,-1
65,4,197,161,15,42,-1,-1,-1,-1
65,5,1055,158,114,198,-1,-1,-1,-1
65,6,425,180,32,84,-1,-1,-1,-1
65,7,543,174,30,96,-1,-1,-1,-1
65,8,277,165,16,36,-1,-1,-1,-1
65,16,389,169,38,97,-1,-1,-1,-1
65,25,497,167,45,109,-1,-1,-1,-1
65,28,303,166,15,39,-1,-1,-1,-1
65,33,321,168,22,79,-1,-1,-1,-1
66,1,347,169,46,104,-1,-1,-1,-1
66,3,340,169,21,82,-1,-1,-1,-1
66,4,198,161,15,42,-1,-1,-1,-1
66,5,1091,168,75,187,-1,-1,-1,-1
66,6,435,179,28,85,-1,-1,-1,-1
66,7,542,176,47,95,-1,-1,-1,-1
66,8,278,164,15,38,-1,-1,-1,-1
66,16,401,172,31,97,-1,-1,-1,-1
66,25,500,168,52,107,-1,-1,-1,-1
66,28,301,166,15,40,-1,-1,-1,-1
66,33,323,168,24,82,-1,-1,-1,-1
67,1,354,168,41,104,-1,-1,-1,-1
67,2,393,166,23,89,-1,-1,-1,-1
67,3,342,167,21,88,-1,-1,-1,-1
67,4,200,161,14,41,-1,-1,-1,-1
67,5,1127,158,68,200,-1,-1,-1,-1
67,6,440,176,32,90,-1,-1,-1,-1
67,7,543,178,50,95,-1,-1,-1,-1
67,8,278,163,13,40,-1,-1,-1,-1
67,16,408,171,26,97,-1,-1,-1,-1
67,25,505,169,49,109,-1,-1,-1,-1
67,28,301,165,16,42,-1,-1,-1,-1
68,1,366,168,36,104,-1,-1,-1,-1
68,2,398,167,24,89,-1,-1,-1,-1
68,3,343,168,24,87,-1,-1,-1,-1
68,5,1124,157,118,204,-1,-1,-1,-1
68,6,444,175,36,92,-1,-1,-1,-1
68,7,550,178,44,94,-1,-1,-1,-1
68,8,275,163,15,40,-1,-1,-1,-1
68,16,414,171,25,97,-1,-1,-1,-1
68,25,514,169,47,110,-1,-1,-1,-1
68,28,301,166,16,41,-1,-1,-1,-1
68,33,325,169,34,87,-1,-1,-1,-1
69,1,370,168,38,104,-1,-1,-1,-1
69,2,402,168,22,86,-1,-1,-1,-1
69,3,344,168,24,88,-1,-1,-1,-1
69,5,1128,165,119,203,-1,-1,-1,-1
69,6,447,177,38,92,-1,-1,-1,-1
69,7,566,174,33,97,-1,-1,-1,-1
69,8,275,163,14,43,-1,-1,-1,-1
69,16,414,171,34,99,-1,-1,-1,-1
69,25,522,167,38,110,-1,-1,-1,-1
69,28,300,166,15,41,-1,-1,-1,-1
69,33,334,171,34,88,-1,-1,-1,-1
70,1,375,168,41,103,-1,-1,-1,-1
70,2,382,167,20,81,-1,-1,-1,-1
70,3,354,170,22,83,-1,-1,-1,-1
70,4,274,162,14,43,-1,-1,-1,-1
70,5,1146,161,101,198,-1,-1,-1,-1
70,6,455,177,33,92,-1,-1,-1,-1
70,7,575,174,36,99,-1,-1,-1,-1
70,8,299,165,16,43,-1,-1,-1,-1
70,16,418,173,38,99,-1,-1,-1,-1
70,25,529,169,36,111,-1,-1,-1,-1
70,28,316,164,15,48,-1,-1,-1,-1
70,31,199,162,16,37,-1,-1,-1,-1
71,1,378,170,40,108,-1,-1,-1,-1
71,2,404,168,28,86,-1,-1,-1,-1
71,3,367,168,23,84,-1,-1,-1,-1
71,4,274,163,14,42,-1,-1,-1,-1
71,5,1189,173,58,192,-1,-1,-1,-1
71,6,463,178,28,91,-1,-1,-1,-1
71,7,578,173,50,103,-1,-1,-1,-1
71,8,298,165,18,42,-1,-1,-1,-1
71,16,419,172,40,100,-1,-1,-1,-1
71,25,529,169,48,111,-1,-1,-1,-1
71,28,315,166,15,49,-1,-1,-1,-1
71,31,199,163,16,41,-1,-1,-1,-1
71,33,337,168,39,88,-1,-1,-1,-1
72,1,381,169,41,110,-1,-1,-1,-1
72,2,412,168,27,88,-1,-1,-1,-1
72,3,369,168,26,85,-1,-1,-1,-1
72,4,270,162,16,42,-1,-1,-1,-1
72,5,1204,174,43,194,-1,-1,-1,-1
72,6,467,182,36,87,-1,-1,-1,-1
72,7,580,174,56,104,-1,-1,-1,-1
72,8,299,166,15,41,-1,-1,-1,-1
72,16,426,173,37,99,-1,-1,-1,-1
72,25,530,171,54,110,-1,-1,-1,-1
72,28,318,166,16,50,-1,-1,-1,-1
73,1,386,168,38,109,-1,-1,-1,-1
73,2,417,166,23,91,-1,-1,-1,-1
73,3,373,168,27,83,-1,-1,-1,-1
73,4,268,162,16,43,-1,-1,-1,-1
73,6,468,178,45,91,-1,-1,-1,-1
73,7,586,174,52,104,-1,-1,-1,-1
73,8,298,166,15,42,-1,-1,-1,-1
73,16,438,172,33,103,-1,-1,-1,-1
73,25,537,167,50,115,-1,-1,-1,-1
73,28,313,162,19,51,-1,-1,-1,-1
73,31,197,162,16,43,-1,-1,-1,-1
73,33,341,169,37,93,-1,-1,-1,-1
74,1,391,168,37,109,-1,-1,-1,-1
74,2,421,166,21,90,-1,-1,-1,-1
74,3,376,168,27,83,-1,-1,-1,-1
74,4,266,161,17,45,-1,-1,-1,-1
74,6,470,180,46,90,-1,-1,-1,-1
74,7,600,171,35,106,-1,-1,-1,-1
74,8,297,166,16,42,-1,-1,-1,-1
74,16,442,171,33,103,-1,-1,-1,-1
74,25,549,168,43,114,-1,-1,-1,-1
74,28,315,162,19,51,-1,-1,-1,-1
74,31,196,161,18,45,-1,-1,-1,-1
75,1,397,169,40,111,-1,-1,-1,-1
75,2,383,167,24,85,-1,-1,-1,-1
75,3,367,170,23,89,-1,-1,-1,-1
75,4,265,161,18,45,-1,-1,-1,-1
75,6,480,177,36,93,-1,-1,-1,-1
75,7,605,170,32,107,-1,-1,-1,-1
75,8,296,166,17,45,-1,-1,-1,-1
75,16,446,176,35,99,-1,-1,-1,-1
75,25,565,166,34,115,-1,-1,-1,-1
75,28,307,164,21,52,-1,-1,-1,-1
75,31,195,161,19,44,-1,-1,-1,-1
75,33,343,167,34,91,-1,-1,-1,-1
75,58,535,172,18,44,-1,-1,-1,-1
76,1,397,170,52,112,-1,-1,-1,-1
76,2,386,168,26,85,-1,-1,-1,-1
76,3,361,169,27,94,-1,-1,-1,-1
76,4,263,160,19,46,-1,-1,-1,-1
76,6,492,177,32,93,-1,-1,-1,-1
76,7,606,171,47,108,-1,-1,-1,-1
76,8,295,165,16,46,-1,-1,-1,-1
76,16,447,178,39,98,-1,-1,-1,-1
76,25,569,168,44,118,-1,-1,-1,-1
76,28,304,165,22,53,-1,-1,-1,-1
76,31,195,161,19,44,-1,-1,-1,-1
76,33,346,168,29,93,-1,-1,-1,-1
76,58,538,173,15,41,-1,-1,-1,-1
77,1,401,170,52,113,-1,-1,-1,-1
77,2,395,168,25,85,-1,-1,-1,-1
77,3,370,168,27,96,-1,-1,-1,-1
77,4,261,161,21,45,-1,-1,-1,-1
77,6,500,176,32,97,-1,-1,-1,-1
77,7,571,175,59,109,-1,-1,-1,-1
77,8,293,165,16,47,-1,-1,-1,-1
77,16,457,174,33,103,-1,-1,-1,-1
77,25,607,178,52,102,-1,-1,-1,-1
77,28,304,165,20,53,-1,-1,-1,-1
77,31,195,161,20,43,-1,-1,-1,-1
77,33,349,168,33,92,-1,-1,-1,-1
77,58,541,173,15,40,-1,-1,-1,-1
78,1,408,168,48,115,-1,-1,-1,-1
78,2,399,169,24,85,-1,-1,-1,-1
78,3,370,169,32,97,-1,-1,-1,-1
78,4,263,161,18,44,-1,-1,-1,-1
78,6,503,179,37,96,-1,-1,-1,-1
78,7,576,175,60,114,-1,-1,-1,-1
78,8,292,165,17,44,-1,-1,-1,-1
78,16,469,172,26,105,-1,-1,-1,-1
78,25,615,173,44,106,-1,-1,-1,-1
78,28,304,165,19,53,-1,-1,-1,-1
78,31,195,161,20,43,-1,-1,-1,-1
78,33,352,167,31,92,-1,-1,-1,-1
78,58,543,174,14,39,-1,-1,-1,-1
79,1,421,167,38,117,-1,-1,-1,-1
79,2,399,170,27,84,-1,-1,-1,-1
79,3,366,169,42,98,-1,-1,-1,-1
79,4,263,161,17,44,-1,-1,-1,-1
79,6,505,181,41,95,-1,-1,-1,-1
79,7,588,169,48,119,-1,-1,-1,-1
79,8,292,166,15,43,-1,-1,-1,-1
79,16,473,174,29,104,-1,-1,-1,-1
79,25,626,172,38,107,-1,-1,-1,-1
79,28,303,169,14,49,-1,-1,-1,-1
79,31,196,162,18,42,-1,-1,-1,-1
79,33,357,168,27,91,-1,-1,-1,-1
80,1,429,167,38,118,-1,-1,-1,-1
80,2,403,168,27,85,-1,-1,-1,-1
80,3,372,169,39,98,-1,-1,-1,-1
80,4,261,161,18,45,-1,-1,-1,-1
80,6,513,181,36,95,-1,-1,-1,-1
80,7,642,170,36,108,-1,-1,-1,-1
80,8,290,165,16,44,-1,-1,-1,-1
80,16,472,177,43,101,-1,-1,-1,-1
80,25,603,167,33,121,-1,-1,-1,-1
80,28,292,165,18,50,-1,-1,-1,-1
80,31,196,161,19,44,-1,-1,-1,-1
81,1,434,168,39,118,-1,-1,-1,-1
81,2,408,168,26,87,-1,-1,-1,-1
81,3,385,167,29,87,-1,-1,-1,-1
81,4,261,161,17,47,-1,-1,-1,-1
81,6,522,181,30,94,-1,-1,-1,-1
81,7,647,172,47,110,-1,-1,-1,-1
81,16,476,174,41,107,-1,-1,-1,-1
81,25,604,165,45,123,-1,-1,-1,-1
81,28,292,164,19,52,-1,-1,-1,-1
81,31,197,161,17,44,-1,-1,-1,-1
81,33,365,168,31,91,-1,-1,-1,-1
81,58,556,166,15,49,-1,-1,-1,-1
82,1,437,169,43,120,-1,-1,-1,-1
82,2,413,170,30,87,-1,-1,-1,-1
82,3,394,169,24,86,-1,-1,-1,-1
82,4,261,161,18,48,-1,-1,-1,-1
82,6,525,182,38,94,-1,-1,-1,-1
82,7,653,172,48,105,-1,-1,-1,-1
82,8,292,164,18,53,-1,-1,-1,-1
82,16,478,175,42,107,-1,-1,-1,-1
82,25,604,164,58,124,-1,-1,-1,-1
82,28,290,164,21,53,-1,-1,-1,-1
82,31,197,161,17,44,-1,-1,-1,-1
82,33,370,170,33,91,-1,-1,-1,-1
83,1,441,169,43,120,-1,-1,-1,-1
83,2,413,170,30,86,-1,-1,-1,-1
83,3,412,170,34,89,-1,-1,-1,-1
83,4,259,161,20,49,-1,-1,-1,-1
83,6,526,182,47,95,-1,-1,-1,-1
83,7,661,175,38,106,-1,-1,-1,-1
83,8,291,163,20,55,-1,-1,-1,-1
83,16,489,172,34,109,-1,-1,-1,-1
83,25,608,166,57,124,-1,-1,-1,-1
83,31,198,161,16,44,-1,-1,-1,-1
83,33,377,169,38,96,-1,-1,-1,-1
84,1,448,166,39,123,-1,-1,-1,-1
84,2,378,169,28,87,-1,-1,-1,-1
84,3,416,170,35,89,-1,-1,-1,-1
84,4,258,162,19,48,-1,-1,-1,-1
84,6,530,178,44,99,-1,-1,-1,-1
84,7,677,169,26,94,-1,-1,-1,-1
84,8,290,162,21,53,-1,-1,-1,-1
84,16,497,173,33,110,-1,-1,-1,-1
84,25,616,165,57,125,-1,-1,-1,-1
84,31,198,161,16,44,-1,-1,-1,-1
84,33,381,170,43,98,-1,-1,-1,-1
84,58,571,178,15,38,-1,-1,-1,-1
85,1,455,165,40,125,-1,-1,-1,-1
85,2,406,168,23,86,-1,-1,-1,-1
85,3,420,169,33,88,-1,-1,-1,-1
85,4,258,162,18,47,-1,-1,-1,-1
85,5,682,168,33,116,-1,-1,-1,-1
85,6,541,177,37,101,-1,-1,-1,-1
85,7,685,168,26,93,-1,-1,-1,-1
85,8,288,166,21,55,-1,-1,-1,-1
85,16,497,172,41,112,-1,-1,-1,-1
85,25,634,164,42,126,-1,-1,-1,-1
85,31,199,161,17,44,-1,-1,-1,-1
86,1,461,165,43,126,-1,-1,-1,-1
86,2,427,168,30,89,-1,-1,-1,-1
86,3,410,169,21,97,-1,-1,-1,-1
86,4,258,162,18,47,-1,-1,-1,-1
86,5,684,168,42,113,-1,-1,-1,-1
86,6,554,177,31,101,-1,-1,-1,-1
86,8,286,164,22,57,-1,-1,-1,-1
86,16,500,173,49,113,-1,-1,-1,-1
86,25,648,163,46,128,-1,-1,-1,-1
86,31,199,162,17,43,-1,-1,-1,-1
86,33,386,167,41,105,-1,-1,-1,-1
87,1,464,169,58,123,-1,-1,-1,-1
87,2,434,168,27,90,-1,-1,-1,-1
87,3,385,172,20,90,-1,-1,-1,-1
87,4,257,163,18,46,-1,-1,-1,-1
87,5,686,171,55,116,-1,-1,-1,-1
87,6,560,179,38,104,-1,-1,-1,-1
87,8,285,164,22,57,-1,-1,-1,-1
87,16,508,173,46,115,-1,-1,-1,-1
87,25,651,165,67,129,-1,-1,-1,-1
87,31,198,161,19,45,-1,-1,-1,-1
87,33,395,168,38,104,-1,-1,-1,-1
88,1,468,171,57,123,-1,-1,-1,-1
88,2,437,170,28,90,-1,-1,-1,-1
88,3,419,169,26,92,-1,-1,-1,-1
88,4,257,162,18,48,-1,-1,-1,-1
88,5,697,170,47,118,-1,-1,-1,-1
88,6,561,177,46,106,-1,-1,-1,-1
88,8,283,164,22,57,-1,-1,-1,-1
88,16,520,175,35,114,-1,-1,-1,-1
88,25,656,167,71,130,-1,-1,-1,-1
88,28,388,190,20,71,-1,-1,-1,-1
88,31,198,161,19,45,-1,-1,-1,-1
88,33,401,169,29,103,-1,-1,-1,-1
89,1,475,168,50,126,-1,-1,-1,-1
89,2,438,171,28,89,-1,-1,-1,-1
89,3,408,170,34,102,-1,-1,-1,-1
89,4,258,164,17,46,-1,-1,-1,-1
89,5,702,168,44,118,-1,-1,-1,-1
89,6,567,175,45,109,-1,-1,-1,-1
89,7,470,168,29,97,-1,-1,-1,-1
89,8,280,165,23,57,-1,-1,-1,-1
89,16,530,172,35,117,-1,-1,-1,-1
89,25,666,166,66,132,-1,-1,-1,-1
89,28,396,192,20,73,-1,-1,-1,-1
89,31,199,161,18,45,-1,-1,-1,-1
90,1,487,167,44,128,-1,-1,-1,-1
90,2,443,171,28,89,-1,-1,-1,-1
90,3,406,169,41,107,-1,-1,-1,-1
90,4,257,163,18,45,-1,-1,-1,-1
90,5,722,168,34,116,-1,-1,-1,-1
90,6,580,173,37,112,-1,-1,-1,-1
90,7,477,169,27,109,-1,-1,-1,-1
90,8,281,164,21,58,-1,-1,-1,-1
90,16,536,172,39,118,-1,-1,-1,-1
90,25,679,165,52,133,-1,-1,-1,-1
90,31,199,161,18,45,-1,-1,-1,-1
90,33,399,169,31,96,-1,-1,-1,-1
91,1,494,167,39,130,-1,-1,-1,-1
91,2,450,169,23,90,-1,-1,-1,-1
91,3,430,169,31,105,-1,-1,-1,-1
91,4,258,164,16,44,-1,-1,-1,-1
91,5,730,168,47,124,-1,-1,-1,-1
91,6,586,174,35,111,-1,-1,-1,-1
91,7,480,166,28,105,-1,-1,-1,-1
91,8,280,164,21,48,-1,-1,-1,-1
91,16,537,173,53,118,-1,-1,-1,-1
91,25,693,162,39,135,-1,-1,-1,-1
91,31,200,161,17,45,-1,-1,-1,-1
91,33,409,168,39,109,-1,-1,-1,-1
91,58,290,167,12,35,-1,-1,-1,-1
92,1,504,167,41,133,-1,-1,-1,-1
92,2,453,170,24,88,-1,-1,-1,-1
92,3,435,168,25,93,-1,-1,-1,-1
92,4,256,163,18,45,-1,-1,-1,-1
92,5,737,170,61,118,-1,-1,-1,-1
92,6,592,174,39,112,-1,-1,-1,-1
92,7,485,167,39,116,-1,-1,-1,-1
92,8,278,164,21,58,-1,-1,-1,-1
92,16,537,179,60,113,-1,-1,-1,-1
92,25,697,163,51,136,-1,-1,-1,-1
92,28,421,168,30,92,-1,-1,-1,-1
92,31,200,161,18,44,-1,-1,-1,-1
92,33,408,167,31,97,-1,-1,-1,-1
93,1,508,169,45,133,-1,-1,-1,-1
93,2,457,170,27,91,-1,-1,-1,-1
93,3,443,167,20,103,-1,-1,-1,-1
93,4,253,163,19,45,-1,-1,-1,-1
93,5,745,170,54,124,-1,-1,-1,-1
93,6,593,178,54,109,-1,-1,-1,-1
93,7,484,169,38,102,-1,-1,-1,-1
93,8,275,164,24,54,-1,-1,-1,-1
93,16,546,171,55,124,-1,-1,-1,-1
93,25,697,166,69,133,-1,-1,-1,-1
93,28,417,169,23,94,-1,-1,-1,-1
93,31,200,162,18,44,-1,-1,-1,-1
93,33,426,169,36,107,-1,-1,-1,-1
94,1,512,170,47,133,-1,-1,-1,-1
94,2,460,171,26,92,-1,-1,-1,-1
94,3,437,169,39,108,-1,-1,-1,-1
94,4,284,164,15,46,-1,-1,-1,-1
94,5,756,169,46,126,-1,-1,-1,-1
94,6,598,177,47,110,-1,-1,-1,-1
94,7,486,168,42,102,-1,-1,-1,-1
94,8,274,166,20,58,-1,-1,-1,-1
94,16,564,168,40,126,-1,-1,-1,-1
94,25,700,166,71,135,-1,-1,-1,-1
94,28,423,169,24,96,-1,-1,-1,-1
94,31,199,162,19,44,-1,-1,-1,-1
94,33,420,168,33,98,-1,-1,-1,-1
95,1,523,167,41,137,-1,-1,-1,-1
95,2,467,172,22,89,-1,-1,-1,-1
95,3,439,169,43,111,-1,-1,-1,-1
95,4,284,165,15,47,-1,-1,-1,-1
95,5,763,168,36,128,-1,-1,-1,-1
95,6,613,171,37,116,-1,-1,-1,-1
95,7,491,169,43,102,-1,-1,-1,-1
95,8,268,165,23,59,-1,-1,-1,-1
95,16,574,170,39,126,-1,-1,-1,-1
95,25,712,165,63,135,-1,-1,-1,-1
95,31,199,162,19,44,-1,-1,-1,-1
95,33,424,167,29,97,-1,-1,-1,-1
95,58,251,163,18,46,-1,-1,-1,-1
96,1,536,165,39,140,-1,-1,-1,-1
96,2,473,175,22,88,-1,-1,-1,-1
96,3,438,167,47,114,-1,-1,-1,-1
96,4,283,166,14,45,-1,-1,-1,-1
96,5,768,167,41,130,-1,-1,-1,-1
96,6,630,169,33,118,-1,-1,-1,-1
96,7,502,166,36,104,-1,-1,-1,-1
96,8,268,164,21,51,-1,-1,-1,-1
96,16,580,172,45,127,-1,-1,-1,-1
96,25,738,163,38,138,-1,-1,-1,-1
96,28,453,170,26,99,-1,-1,-1,-1
96,31,198,162,16,44,-1,-1,-1,-1
96,33,429,166,29,93,-1,-1,-1,-1
96,58,251,162,17,48,-1,-1,-1,-1
97,1,541,165,46,139,-1,-1,-1,-1
97,2,479,173,26,90,-1,-1,-1,-1
97,3,451,166,40,115,-1,-1,-1,-1
97,4,282,164,12,46,-1,-1,-1,-1
97,5,780,168,51,129,-1,-1,-1,-1
97,6,631,173,44,118,-1,-1,-1,-1
97,7,510,166,29,106,-1,-1,-1,-1
97,8,265,159,21,65,-1,-1,-1,-1
97,16,582,173,56,128,-1,-1,-1,-1
97,25,749,162,37,143,-1,-1,-1,-1
97,28,461,170,27,101,-1,-1,-1,-1
97,31,198,162,14,43,-1,-1,-1,-1
97,33,435,166,25,98,-1,-1,-1,-1
98,1,542,168,67,136,-1,-1,-1,-1
98,2,483,173,26,90,-1,-1,-1,-1
98,3,460,165,42,112,-1,-1,-1,-1
98,4,281,162,13,46,-1,-1,-1,-1
98,5,789,170,48,129,-1,-1,-1,-1
98,6,595,177,48,123,-1,-1,-1,-1
98,7,514,166,36,107,-1,-1,-1,-1
98,8,264,161,20,57,-1,-1,-1,-1
98,16,633,173,53,119,-1,-1,-1,-1
98,25,751,161,70,142,-1,-1,-1,-1
98,31,197,161,15,45,-1,-1,-1,-1
98,33,439,168,26,99,-1,-1,-1,-1
98,58,248,162,18,48,-1,-1,-1,-1
99,1,543,170,76,137,-1,-1,-1,-1
99,3,465,166,43,112,-1,-1,-1,-1
99,4,278,163,13,47,-1,-1,-1,-1
99,5,753,166,75,146,-1,-1,-1,-1
99,6,608,172,35,128,-1,-1,-1,-1
99,7,516,167,47,109,-1,-1,-1,-1
99,8,261,163,19,62,-1,-1,-1,-1
99,16,641,173,48,121,-1,-1,-1,-1
99,25,803,169,38,132,-1,-1,-1,-1
99,31,197,161,16,45,-1,-1,-1,-1
99,33,442,167,32,101,-1,-1,-1,-1
99,58,249,161,15,50,-1,-1,-1,-1
100,1,552,168,69,141,-1,-1,-1,-1
100,2,490,174,32,98,-1,-1,-1,-1
100,3,468,172,50,111,-1,-1,-1,-1
100,4,275,163,16,48,-1,-1,-1,-1
100,5,765,163,71,149,-1,-1,-1,-1
100,6,618,170,35,131,-1,-1,-1,-1
100,7,520,167,38,108,-1,-1,-1,-1
100,8,259,161,19,64,-1,-1,-1,-1
100,16,656,171,37,123,-1,-1,-1,-1
100,25,814,168,35,132,-1,-1,-1,-1
100,31,197,161,16,45,-1,-1,-1,-1
100,33,443,168,35,101,-1,-1,-1,-1
100,58,247,162,16,50,-1,-1,-1,-1
100,62,105,183,18,26,-1,-1,-1,-1
101,1,570,166,54,144,-1,-1,-1,-1
101,2,494,174,33,99,-1,-1,-1,-1
101,3,472,173,54,112,-1,-1,-1,-1
101,4,273,163,18,48,-1,-1,-1,-1
101,5,783,160,52,152,-1,-1,-1,-1
101,6,620,172,54,131,-1,-1,-1,-1
101,7,471,178,52,107,-1,-1,-1,-1
101,8,257,162,19,65,-1,-1,-1,-1
101,16,666,170,36,124,-1,-1,-1,-1
101,25,818,168,59,135,-1,-1,-1,-1
101,28,529,166,35,110,-1,-1,-1,-1
101,31,197,162,17,44,-1,-1,-1,-1
102,1,589,162,45,148,-1,-1,-1,-1
102,4,273,162,19,48,-1,-1,-1,-1
102,5,802,160,45,153,-1,-1,-1,-1
102,6,619,173,70,131,-1,-1,-1,-1
102,7,483,169,38,116,-1,-1,-1,-1
102,8,255,162,19,66,-1,-1,-1,-1
102,16,671,166,47,127,-1,-1,-1,-1
102,25,828,168,65,137,-1,-1,-1,-1
102,28,532,167,37,108,-1,-1,-1,-1
102,31,197,162,17,44,-1,-1,-1,-1
102,33,457,165,32,105,-1,-1,-1,-1
102,58,247,165,23,49,-1,-1,-1,-1
102,62,105,183,18,26,-1,-1,-1,-1
103,1,600,162,45,152,-1,-1,-1,-1
103,4,275,162,16,48,-1,-1,-1,-1
103,5,804,162,65,153,-1,-1,-1,-1
103,6,681,172,52,124,-1,-1,-1,-1
103,7,484,167,42,119,-1,-1,-1,-1
103,8,266,160,22,53,-1,-1,-1,-1
103,16,632,172,62,133,-1,-1,-1,-1
103,25,846,172,67,137,-1,-1,-1,-1
103,28,536,168,45,108,-1,-1,-1,-1
103,31,198,164,15,40,-1,-1,-1,-1
103,33,460,165,30,107,-1,-1,-1,-1
103,58,247,168,21,51,-1,-1,-1,-1
104,1,600,166,63,148,-1,-1,-1,-1
104,2,540,166,53,111,-1,-1,-1,-1
104,3,683,168,28,114,-1,-1,-1,-1
104,4,273,162,18,48,-1,-1,-1,-1
104,5,804,166,91,151,-1,-1,-1,-1
104,6,698,173,35,124,-1,-1,-1,-1
104,7,492,167,43,120,-1,-1,-1,-1
104,8,265,159,23,53,-1,-1,-1,-1
104,16,644,171,52,134,-1,-1,-1,-1
104,25,858,172,54,117,-1,-1,-1,-1
104,28,545,168,47,109,-1,-1,-1,-1
104,31,198,164,15,39,-1,-1,-1,-1
104,33,463,166,32,106,-1,-1,-1,-1
105,1,604,167,67,152,-1,-1,-1,-1
105,2,541,167,57,113,-1,-1,-1,-1
105,3,704,167,29,115,-1,-1,-1,-1
105,4,273,161,19,50,-1,-1,-1,-1
105,5,808,165,91,153,-1,-1,-1,-1
105,6,698,170,37,128,-1,-1,-1,-1
105,7,495,173,51,116,-1,-1,-1,-1
105,8,269,162,21,52,-1,-1,-1,-1
105,16,660,169,41,137,-1,-1,-1,-1
105,25,870,168,31,112,-1,-1,-1,-1
105,31,199,165,13,39,-1,-1,-1,-1
106,1,620,165,54,154,-1,-1,-1,-1
106,2,544,166,55,113,-1,-1,-1,-1
106,5,883,167,33,145,-1,-1,-1,-1
106,6,711,170,40,130,-1,-1,-1,-1
106,7,500,172,46,117,-1,-1,-1,-1
106,8,269,163,21,51,-1,-1,-1,-1
106,16,672,169,39,140,-1,-1,-1,-1
106,25,880,169,33,109,-1,-1,-1,-1
106,31,198,165,14,39,-1,-1,-1,-1
106,33,470,167,30,108,-1,-1,-1,-1
106,58,240,166,26,60,-1,-1,-1,-1
107,1,637,161,45,157,-1,-1,-1,-1
107,2,551,165,56,115,-1,-1,-1,-1
107,5,857,161,91,154,-1,-1,-1,-1
107,6,720,170,47,133,-1,-1,-1,-1
107,7,505,169,47,120,-1,-1,-1,-1
107,8,268,163,20,49,-1,-1,-1,-1
107,16,673,170,57,140,-1,-1,-1,-1
107,28,555,166,45,113,-1,-1,-1,-1
107,31,198,165,14,39,-1,-1,-1,-1
107,33,472,165,35,108,-1,-1,-1,-1
108,1,647,161,50,158,-1,-1,-1,-1
108,2,568,163,33,116,-1,-1,-1,-1
108,3,905,171,54,147,-1,-1,-1,-1
108,4,266,162,20,51,-1,-1,-1,-1
108,5,869,161,46,161,-1,-1,-1,-1
108,6,728,171,53,135,-1,-1,-1,-1
108,7,515,167,43,123,-1,-1,-1,-1
108,8,267,162,22,50,-1,-1,-1,-1
108,16,683,171,61,141,-1,-1,-1,-1
108,28,562,165,47,115,-1,-1,-1,-1
108,31,197,164,14,39,-1,-1,-1,-1
109,1,650,164,69,156,-1,-1,-1,-1
109,2,574,161,51,119,-1,-1,-1,-1
109,3,919,167,42,152,-1,-1,-1,-1
109,4,266,161,19,52,-1,-1,-1,-1
109,5,869,162,79,163,-1,-1,-1,-1
109,6,737,171,50,136,-1,-1,-1,-1
109,7,520,167,51,126,-1,-1,-1,-1
109,16,704,170,45,144,-1,-1,-1,-1
109,31,196,165,13,38,-1,-1,-1,-1
109,33,483,166,37,109,-1,-1,-1,-1
109,58,235,163,19,64,-1,-1,-1,-1
110,1,658,164,73,157,-1,-1,-1,-1
110,2,577,165,59,116,-1,-1,-1,-1
110,3,930,166,35,142,-1,-1,-1,-1
110,4,266,161,19,53,-1,-1,-1,-1
110,5,873,164,92,167,-1,-1,-1,-1
110,6,748,171,41,136,-1,-1,-1,-1
110,7,525,167,53,128,-1,-1,-1,-1
110,16,652,167,95,157,-1,-1,-1,-1
110,25,722,169,35,119,-1,-1,-1,-1
110,31,195,165,15,39,-1,-1,-1,-1
110,33,484,169,41,107,-1,-1,-1,-1
111,2,581,165,57,118,-1,-1,-1,-1
111,3,947,165,49,130,-1,-1,-1,-1
111,4,264,161,22,53,-1,-1,-1,-1
111,5,886,162,81,168,-1,-1,-1,-1
111,6,734,168,43,144,-1,-1,-1,-1
111,7,531,171,55,125,-1,-1,-1,-1
111,16,659,165,86,162,-1,-1,-1,-1
111,25,763,171,35,136,-1,-1,-1,-1
111,31,193,166,17,38,-1,-1,-1,-1
111,33,488,167,37,109,-1,-1,-1,-1
111,58,227,163,26,65,-1,-1,-1,-1
112,1,680,163,64,159,-1,-1,-1,-1
112,2,585,164,56,120,-1,-1,-1,-1
112,3,949,165,77,161,-1,-1,-1,-1
112,4,264,161,22,53,-1,-1,-1,-1
112,5,911,160,57,167,-1,-1,-1,-1
112,6,773,171,50,137,-1,-1,-1,-1
112,7,537,166,50,130,-1,-1,-1,-1
112,16,721,170,72,152,-1,-1,-1,-1
112,25,763,171,38,137,-1,-1,-1,-1
112,31,193,167,16,37,-1,-1,-1,-1
112,33,493,166,37,111,-1,-1,-1,-1
113,1,704,159,49,165,-1,-1,-1,-1
113,2,598,162,41,122,-1,-1,-1,-1
113,3,963,167,76,162,-1,-1,-1,-1
113,4,265,162,20,52,-1,-1,-1,-1
113,5,935,160,44,170,-1,-1,-1,-1
113,6,788,172,50,139,-1,-1,-1,-1
113,7,546,166,41,132,-1,-1,-1,-1
113,8,224,164,25,58,-1,-1,-1,-1
113,16,735,168,75,152,-1,-1,-1,-1
113,33,503,166,31,111,-1,-1,-1,-1
113,58,224,163,22,69,-1,-1,-1,-1
113,62,104,182,19,28,-1,-1,-1,-1
114,1,717,159,52,173,-1,-1,-1,-1
114,2,604,162,37,122,-1,-1,-1,-1
114,3,984,168,67,159,-1,-1,-1,-1
114,4,264,161,22,54,-1,-1,-1,-1
114,5,931,157,93,175,-1,-1,-1,-1
114,6,801,172,45,140,-1,-1,-1,-1
114,7,551,166,40,132,-1,-1,-1,-1
114,8,236,163,15,49,-1,-1,-1,-1
114,16,752,167,64,153,-1,-1,-1,-1
114,28,511,164,36,115,-1,-1,-1,-1
114,33,508,165,30,112,-1,-1,-1,-1
115,1,719,164,73,169,-1,-1,-1,-1
115,2,608,163,46,123,-1,-1,-1,-1
115,3,1007,168,72,162,-1,-1,-1,-1
115,4,263,159,23,55,-1,-1,-1,-1
115,5,937,161,120,175,-1,-1,-1,-1
115,6,810,171,34,141,-1,-1,-1,-1
115,7,552,167,61,133,-1,-1,-1,-1
115,8,234,163,16,50,-1,-1,-1,-1
115,16,771,167,50,140,-1,-1,-1,-1
115,25,996,170,62,119,-1,-1,-1,-1
115,28,510,164,37,115,-1,-1,-1,-1
116,1,723,164,77,171,-1,-1,-1,-1
116,2,609,164,59,124,-1,-1,-1,-1
116,4,263,160,23,55,-1,-1,-1,-1
116,5,945,162,112,178,-1,-1,-1,-1
116,6,816,170,35,143,-1,-1,-1,-1
116,7,556,165,64,134,-1,-1,-1,-1
116,8,233,163,16,49,-1,-1,-1,-1
116,16,783,166,42,144,-1,-1,-1,-1
116,25,1022,170,66,119,-1,-1,-1,-1
116,28,513,167,44,113,-1,-1,-1,-1
117,1,737,162,69,175,-1,-1,-1,-1
117,2,613,164,57,124,-1,-1,-1,-1
117,3,1035,160,42,172,-1,-1,-1,-1
117,4,263,159,23,55,-1,-1,-1,-1
117,5,968,156,95,184,-1,-1,-1,-1
117,6,831,171,44,147,-1,-1,-1,-1
117,7,562,168,62,133,-1,-1,-1,-1
117,8,232,163,18,50,-1,-1,-1,-1
117,16,801,168,44,160,-1,-1,-1,-1
117,28,514,168,45,112,-1,-1,-1,-1
117,33,521,166,41,115,-1,-1,-1,-1
117,58,207,164,26,68,-1,-1,-1,-1
118,1,763,159,53,177,-1,-1,-1,-1
118,2,618,163,52,125,-1,-1,-1,-1
118,3,1055,159,45,176,-1,-1,-1,-1
118,4,263,159,21,55,-1,-1,-1,-1
118,5,1001,157,113,183,-1,-1,-1,-1
118,6,842,173,55,149,-1,-1,-1,-1
118,7,579,167,45,134,-1,-1,-1,-1
118,8,231,162,19,51,-1,-1,-1,-1
118,16,812,168,55,160,-1,-1,-1,-1
118,28,573,166,32,108,-1,-1,-1,-1
118,33,532,165,33,115,-1,-1,-1,-1
119,1,777,158,54,181,-1,-1,-1,-1
119,2,630,162,45,126,-1,-1,-1,-1
119,4,262,159,21,54,-1,-1,-1,-1
119,5,1008,156,78,192,-1,-1,-1,-1
119,6,855,172,49,151,-1,-1,-1,-1
119,7,598,166,41,137,-1,-1,-1,-1
119,8,229,163,18,51,-1,-1,-1,-1
119,16,821,167,62,167,-1,-1,-1,-1
119,28,579,168,36,113,-1,-1,-1,-1
119,33,540,164,33,116,-1,-1,-1,-1
119,58,199,161,26,68,-1,-1,-1,-1
120,1,782,161,76,182,-1,-1,-1,-1
120,2,634,161,59,126,-1,-1,-1,-1
120,4,263,160,18,54,-1,-1,-1,-1
120,5,1021,157,116,194,-1,-1,-1,-1
120,6,868,170,39,153,-1,-1,-1,-1
120,7,601,167,56,138,-1,-1,-1,-1
120,8,227,162,20,53,-1,-1,-1,-1
120,16,843,168,39,164,-1,-1,-1,-1
120,28,580,167,37,109,-1,-1,-1,-1
120,33,544,165,43,117,-1,-1,-1,-1
120,58,198,162,21,70,-1,-1,-1,-1
121,1,782,164,112,184,-1,-1,-1,-1
121,2,648,162,57,129,-1,-1,-1,-1
121,4,261,160,20,56,-1,-1,-1,-1
121,5,1024,160,127,197,-1,-1,-1,-1
121,6,879,169,39,155,-1,-1,-1,-1
121,7,602,168,67,140,-1,-1,-1,-1
121,8,227,162,17,53,-1,-1,-1,-1
121,16,854,165,47,160,-1,-1,-1,-1
121,25,881,170,42,128,-1,-1,-1,-1
121,28,587,170,34,107,-1,-1,-1,-1
121,31,214,162,12,45,-1,-1,-1,-1
121,33,546,166,52,117,-1,-1,-1,-1
121,58,195,161,20,73,-1,-1,-1,-1
121,62,105,182,18,27,-1,-1,-1,-1
122,1,786,163,112,187,-1,-1,-1,-1
122,2,648,164,66,128,-1,-1,-1,-1
122,4,261,160,21,55,-1,-1,-1,-1
122,5,1046,157,112,202,-1,-1,-1,-1
122,6,895,168,50,156,-1,-1,-1,-1
122,7,608,168,66,140,-1,-1,-1,-1
122,8,226,161,18,55,-1,-1,-1,-1
122,16,869,168,45,166,-1,-1,-1,-1
122,25,886,169,45,130,-1,-1,-1,-1
122,28,595,167,34,109,-1,-1,-1,-1
122,31,215,161,13,47,-1,-1,-1,-1
122,33,548,167,50,118,-1,-1,-1,-1
122,58,194,160,22,75,-1,-1,-1,-1
122,62,105,181,18,29,-1,-1,-1,-1
123,1,810,159,92,193,-1,-1,-1,-1
123,2,656,163,57,130,-1,-1,-1,-1
123,4,261,160,20,54,-1,-1,-1,-1
123,5,1091,160,88,197,-1,-1,-1,-1
123,6,905,167,54,158,-1,-1,-1,-1
123,7,621,166,52,142,-1,-1,-1,-1
123,8,227,164,16,51,-1,-1,-1,-1
123,16,883,168,69,171,-1,-1,-1,-1
123,28,606,165,29,115,-1,-1,-1,-1
123,33,556,166,42,119,-1,-1,-1,-1
123,58,189,160,23,74,-1,-1,-1,-1
123,62,104,181,19,29,-1,-1,-1,-1
123,68,520,173,22,50,-1,-1,-1,-1
123,69,490,175,18,58,-1,-1,-1,-1
124,1,842,156,63,194,-1,-1,-1,-1
124,2,633,163,44,124,-1,-1,-1,-1
124,4,260,160,22,55,-1,-1,-1,-1
124,5,1109,158,101,197,-1,-1,-1,-1
124,6,922,172,60,156,-1,-1,-1,-1
124,7,667,160,47,134,-1,-1,-1,-1
124,8,226,164,15,51,-1,-1,-1,-1
124,16,891,166,77,176,-1,-1,-1,-1
124,28,609,163,30,118,-1,-1,-1,-1
124,31,226,168,16,44,-1,-1,-1,-1
124,33,571,163,31,120,-1,-1,-1,-1
124,58,184,159,25,64,-1,-1,-1,-1
124,62,104,181,19,29,-1,-1,-1,-1
124,68,522,173,21,55,-1,-1,-1,-1
124,69,493,174,17,60,-1,-1,-1,-1
125,1,863,155,62,200,-1,-1,-1,-1
125,2,677,160,37,132,-1,-1,-1,-1
125,4,262,160,19,54,-1,-1,-1,-1
125,5,1107,157,126,205,-1,-1,-1,-1
125,6,934,171,45,160,-1,-1,-1,-1
125,7,644,164,52,147,-1,-1,-1,-1
125,16,908,164,66,180,-1,-1,-1,-1
125,25,963,151,49,130,-1,-1,-1,-1
125,28,612,166,41,118,-1,-1,-1,-1
125,31,226,174,17,42,-1,-1,-1,-1
125,33,577,164,32,120,-1,-1,-1,-1
125,58,179,159,31,77,-1,-1,-1,-1
125,62,104,181,20,29,-1,-1,-1,-1
125,68,524,173,23,57,-1,-1,-1,-1
125,69,493,174,21,59,-1,-1,-1,-1
126,1,866,157,92,203,-1,-1,-1,-1
126,2,688,160,46,135,-1,-1,-1,-1
126,3,1114,158,133,212,-1,-1,-1,-1
126,4,260,159,22,55,-1,-1,-1,-1
126,5,1115,156,132,209,-1,-1,-1,-1
126,6,957,166,49,133,-1,-1,-1,-1
126,7,645,166,71,144,-1,-1,-1,-1
126,8,226,165,16,50,-1,-1,-1,-1
126,16,930,167,45,179,-1,-1,-1,-1
126,25,967,165,77,127,-1,-1,-1,-1
126,28,613,165,45,116,-1,-1,-1,-1
126,31,228,175,17,42,-1,-1,-1,-1
126,33,582,168,38,118,-1,-1,-1,-1
126,58,166,162,38,76,-1,-1,-1,-1
126,62,104,181,20,29,-1,-1,-1,-1
126,68,498,173,22,58,-1,-1,-1,-1
127,1,869,160,115,207,-1,-1,-1,-1
127,2,696,164,54,132,-1,-1,-1,-1
127,3,1125,158,122,216,-1,-1,-1,-1
127,4,261,160,20,55,-1,-1,-1,-1
127,5,1126,158,121,212,-1,-1,-1,-1
127,6,969,166,52,131,-1,-1,-1,-1
127,7,647,167,73,145,-1,-1,-1,-1
127,8,226,165,17,51,-1,-1,-1,-1
127,16,945,165,66,170,-1,-1,-1,-1
127,25,991,155,84,142,-1,-1,-1,-1
127,28,620,167,43,118,-1,-1,-1,-1
127,33,584,166,47,125,-1,-1,-1,-1
127,58,163,162,36,76,-1,-1,-1,-1
127,62,104,181,20,29,-1,-1,-1,-1
127,68,535,172,19,54,-1,-1,-1,-1
128,1,878,160,110,210,-1,-1,-1,-1
128,2,705,164,48,136,-1,-1,-1,-1
128,3,959,165,53,189,-1,-1,-1,-1
128,4,260,159,21,56,-1,-1,-1,-1
128,5,1165,157,82,210,-1,-1,-1,-1
128,7,674,166,52,144,-1,-1,-1,-1
128,8,226,167,17,49,-1,-1,-1,-1
128,16,977,169,69,168,-1,-1,-1,-1
128,25,1021,153,62,145,-1,-1,-1,-1
128,28,629,164,44,120,-1,-1,-1,-1
128,33,591,164,42,127,-1,-1,-1,-1
128,58,162,161,34,78,-1,-1,-1,-1
128,62,104,181,20,29,-1,-1,-1,-1
128,68,536,175,18,57,-1,-1,-1,-1
128,69,503,182,21,49,-1,-1,-1,-1
128,73,563,178,11,38,-1,-1,-1,-1
129,1,907,156,84,214,-1,-1,-1,-1
129,2,716,162,37,137,-1,-1,-1,-1
129,3,948,165,59,191,-1,-1,-1,-1
129,4,259,161,21,56,-1,-1,-1,-1
129,5,1173,171,74,203,-1,-1,-1,-1
129,7,679,165,52,147,-1,-1,-1,-1
129,8,226,166,14,49,-1,-1,-1,-1
129,16,973,166,80,184,-1,-1,-1,-1
129,25,1057,150,89,149,-1,-1,-1,-1
129,28,644,164,39,121,-1,-1,-1,-1
129,31,185,162,16,43,-1,-1,-1,-1
129,33,602,162,35,129,-1,-1,-1,-1
129,58,160,160,27,78,-1,-1,-1,-1
129,62,104,181,20,29,-1,-1,-1,-1
129,68,541,173,20,59,-1,-1,-1,-1
130,1,944,154,62,214,-1,-1,-1,-1
130,2,723,160,30,138,-1,-1,-1,-1
130,3,957,160,99,203,-1,-1,-1,-1
130,4,259,161,20,55,-1,-1,-1,-1
130,5,1188,219,59,153,-1,-1,-1,-1
130,6,1016,169,33,94,-1,-1,-1,-1
130,7,689,164,57,153,-1,-1,-1,-1
130,8,223,176,20,40,-1,-1,-1,-1
130,16,1008,167,51,181,-1,-1,-1,-1
130,25,1085,152,101,161,-1,-1,-1,-1
130,28,649,163,42,123,-1,-1,-1,-1
130,31,183,161,17,43,-1,-1,-1,-1
130,33,607,161,40,130,-1,-1,-1,-1
130,58,156,160,26,80,-1,-1,-1,-1
130,68,544,173,21,61,-1,-1,-1,-1
131,1,951,156,91,216,-1,-1,-1,-1
131,2,733,159,38,137,-1,-1,-1,-1
131,3,1030,167,35,189,-1,-1,-1,-1
131,4,258,161,21,56,-1,-1,-1,-1
131,5,1201,226,46,148,-1,-1,-1,-1
131,6,1030,169,32,89,-1,-1,-1,-1
131,7,695,164,69,155,-1,-1,-1,-1
131,8,223,169,19,47,-1,-1,-1,-1
131,16,1008,167,48,192,-1,-1,-1,-1
131,25,1125,149,116,166,-1,-1,-1,-1
131,28,652,165,45,123,-1,-1,-1,-1
131,31,183,161,18,43,-1,-1,-1,-1
131,33,614,162,42,124,-1,-1,-1,-1
131,58,149,160,30,81,-1,-1,-1,-1
132,1,951,163,145,212,-1,-1,-1,-1
132,2,740,160,45,142,-1,-1,-1,-1
132,3,1027,166,58,177,-1,-1,-1,-1
132,4,258,162,18,53,-1,-1,-1,-1
132,7,699,166,75,156,-1,-1,-1,-1
132,8,221,172,20,45,-1,-1,-1,-1
132,16,1020,167,52,195,-1,-1,-1,-1
132,25,1171,149,76,155,-1,-1,-1,-1
132,28,658,166,41,123,-1,-1,-1,-1
132,31,184,161,16,42,-1,-1,-1,-1
132,33,616,166,50,127,-1,-1,-1,-1
132,58,145,161,29,79,-1,-1,-1,-1
133,1,956,162,150,214,-1,-1,-1,-1
133,2,749,161,53,145,-1,-1,-1,-1
133,3,1051,170,86,173,-1,-1,-1,-1
133,4,258,163,18,53,-1,-1,-1,-1
133,6,1067,172,31,81,-1,-1,-1,-1
133,7,704,166,75,157,-1,-1,-1,-1
133,8,221,171,16,45,-1,-1,-1,-1
133,25,1204,169,43,154,-1,-1,-1,-1
133,28,618,165,58,127,-1,-1,-1,-1
133,31,185,160,16,43,-1,-1,-1,-1
133,33,668,163,47,127,-1,-1,-1,-1
133,58,141,162,30,78,-1,-1,-1,-1
133,68,516,177,20,61,-1,-1,-1,-1
133,69,562,170,28,71,-1,-1,-1,-1
134,1,965,162,163,217,-1,-1,-1,-1
134,2,761,160,51,147,-1,-1,-1,-1
134,3,1054,171,98,171,-1,-1,-1,-1
134,4,257,163,19,53,-1,-1,-1,-1
134,6,1081,172,31,77,-1,-1,-1,-1
134,7,724,164,48,159,-1,-1,-1,-1
134,8,221,168,15,46,-1,-1,-1,-1
134,16,976,156,157,219,-1,-1,-1,-1
134,25,1226,171,21,156,-1,-1,-1,-1
134,28,675,164,39,126,-1,-1,-1,-1
135,2,768,159,44,157,-1,-1,-1,-1
135,4,255,163,21,54,-1,-1,-1,-1
135,7,734,161,59,162,-1,-1,-1,-1
135,8,220,168,15,48,-1,-1,-1,-1
135,16,1016,154,154,224,-1,-1,-1,-1
135,28,679,164,44,126,-1,-1,-1,-1
135,31,184,160,16,44,-1,-1,-1,-1
135,33,616,161,64,132,-1,-1,-1,-1
135,58,130,160,31,83,-1,-1,-1,-1
135,68,572,166,30,76,-1,-1,-1,-1
135,69,521,175,23,68,-1,-1,-1,-1
136,2,776,158,46,160,-1,-1,-1,-1
136,4,255,162,21,53,-1,-1,-1,-1
136,7,742,162,57,162,-1,-1,-1,-1
136,8,219,164,14,51,-1,-1,-1,-1
136,16,1061,152,114,224,-1,-1,-1,-1
136,28,773,154,34,117,-1,-1,-1,-1
136,31,184,160,17,44,-1,-1,-1,-1
136,33,649,161,38,135,-1,-1,-1,-1
136,58,115,159,40,84,-1,-1,-1,-1
136,68,572,167,38,77,-1,-1,-1,-1
136,69,522,174,25,69,-1,-1,-1,-1
137,2,688,164,58,127,-1,-1,-1,-1
137,4,255,163,20,54,-1,-1,-1,-1
137,7,747,159,72,166,-1,-1,-1,-1
137,8,218,164,17,52,-1,-1,-1,-1
137,16,1061,155,117,223,-1,-1,-1,-1
137,28,789,152,35,117,-1,-1,-1,-1
137,31,184,159,17,44,-1,-1,-1,-1
137,33,656,163,49,135,-1,-1,-1,-1
137,58,112,160,42,85,-1,-1,-1,-1
137,68,585,169,31,71,-1,-1,-1,-1
137,69,527,175,26,62,-1,-1,-1,-1
138,2,698,163,49,127,-1,-1,-1,-1
138,3,1148,170,91,190,-1,-1,-1,-1
138,4,248,161,27,56,-1,-1,-1,-1
138,7,750,161,84,166,-1,-1,-1,-1
138,8,217,165,17,50,-1,-1,-1,-1
138,16,1063,158,146,221,-1,-1,-1,-1
138,31,185,160,16,43,-1,-1,-1,-1
138,33,660,164,51,136,-1,-1,-1,-1
138,58,111,159,38,87,-1,-1,-1,-1
138,68,591,168,31,72,-1,-1,-1,-1
138,69,530,176,25,67,-1,-1,-1,-1
138,73,577,174,15,45,-1,-1,-1,-1
139,2,711,161,51,131,-1,-1,-1,-1
139,3,1155,170,92,192,-1,-1,-1,-1
139,4,243,163,31,56,-1,-1,-1,-1
139,7,764,160,85,167,-1,-1,-1,-1
139,8,212,166,21,50,-1,-1,-1,-1
139,16,1068,159,179,218,-1,-1,-1,-1
139,31,184,159,17,44,-1,-1,-1,-1
139,33,667,162,46,139,-1,-1,-1,-1
139,58,108,158,32,88,-1,-1,-1,-1
139,62,199,170,13,32,-1,-1,-1,-1
139,68,596,168,32,74,-1,-1,-1,-1
139,69,534,176,27,68,-1,-1,-1,-1
139,73,578,173,19,47,-1,-1,-1,-1
140,2,718,161,64,133,-1,-1,-1,-1
140,4,242,163,27,56,-1,-1,-1,-1
140,5,807,161,49,154,-1,-1,-1,-1
140,7,776,160,63,167,-1,-1,-1,-1
140,8,210,165,22,52,-1,-1,-1,-1
140,16,1106,155,140,223,-1,-1,-1,-1
140,31,184,159,17,45,-1,-1,-1,-1
140,33,679,161,39,141,-1,-1,-1,-1
140,58,103,157,31,89,-1,-1,-1,-1
140,62,200,169,12,34,-1,-1,-1,-1
140,68,602,167,32,77,-1,-1,-1,-1
140,69,537,174,32,69,-1,-1,-1,-1
140,73,580,174,16,47,-1,-1,-1,-1
141,2,722,161,69,135,-1,-1,-1,-1
141,4,242,163,24,55,-1,-1,-1,-1
141,5,783,159,49,153,-1,-1,-1,-1
141,7,785,162,82,171,-1,-1,-1,-1
141,8,209,162,23,56,-1,-1,-1,-1
141,16,1139,153,108,224,-1,-1,-1,-1
141,28,608,167,33,83,-1,-1,-1,-1
141,31,184,160,18,44,-1,-1,-1,-1
141,33,687,159,42,142,-1,-1,-1,-1
141,58,96,158,37,91,-1,-1,-1,-1
141,62,206,169,12,33,-1,-1,-1,-1
142,2,729,163,69,137,-1,-1,-1,-1
142,4,240,162,24,57,-1,-1,-1,-1
142,7,804,157,78,176,-1,-1,-1,-1
142,8,208,162,24,55,-1,-1,-1,-1
142,16,1186,160,61,217,-1,-1,-1,-1
142,28,614,168,33,81,-1,-1,-1,-1
142,31,185,161,16,43,-1,-1,-1,-1
142,33,694,159,48,143,-1,-1,-1,-1
142,58,83,158,44,92,-1,-1,-1,-1
142,62,200,170,12,33,-1,-1,-1,-1
142,69,548,176,30,72,-1,-1,-1,-1
142,73,583,176,21,41,-1,-1,-1,-1
143,1,1190,193,57,184,-1,-1,-1,-1
143,2,739,162,60,138,-1,-1,-1,-1
143,4,237,162,25,56,-1,-1,-1,-1
143,7,808,162,86,175,-1,-1,-1,-1
143,8,208,162,20,55,-1,-1,-1,-1
143,16,1202,160,45,218,-1,-1,-1,-1
143,28,614,168,38,81,-1,-1,-1,-1
143,31,184,161,17,42,-1,-1,-1,-1
143,33,695,162,64,143,-1,-1,-1,-1
143,58,82,158,38,93,-1,-1,-1,-1
143,62,205,169,12,34,-1,-1,-1,-1
144,1,1207,196,40,181,-1,-1,-1,-1
144,2,753,160,39,139,-1,-1,-1,-1
144,4,235,163,24,55,-1,-1,-1,-1
144,5,697,162,67,145,-1,-1,-1,-1
144,6,561,183,21,57,-1,-1,-1,-1
144,7,815,161,83,178,-1,-1,-1,-1
144,8,205,164,24,54,-1,-1,-1,-1
144,25,1144,311,103,68,-1,-1,-1,-1
144,28,626,167,34,86,-1,-1,-1,-1
144,31,185,162,15,42,-1,-1,-1,-1
144,33,700,163,69,144,-1,-1,-1,-1
145,2,760,160,42,140,-1,-1,-1,-1
145,4,234,164,23,55,-1,-1,-1,-1
145,5,672,162,68,142,-1,-1,-1,-1
145,6,530,183,21,56,-1,-1,-1,-1
145,7,830,160,83,175,-1,-1,-1,-1
145,8,204,164,24,54,-1,-1,-1,-1
145,25,1150,321,97,62,-1,-1,-1,-1
145,28,630,167,38,88,-1,-1,-1,-1
145,31,205,177,18,40,-1,-1,-1,-1
145,33,707,160,56,146,-1,-1,-1,-1
146,2,762,161,64,140,-1,-1,-1,-1
146,3,831,159,57,157,-1,-1,-1,-1
146,4,233,163,22,57,-1,-1,-1,-1
146,7,855,160,60,178,-1,-1,-1,-1
146,8,202,170,23,49,-1,-1,-1,-1
146,28,637,166,40,83,-1,-1,-1,-1
146,31,185,162,17,43,-1,-1,-1,-1
146,33,728,158,40,149,-1,-1,-1,-1
146,58,60,157,41,93,-1,-1,-1,-1
146,62,218,179,20,40,-1,-1,-1,-1
147,2,768,162,70,140,-1,-1,-1,-1
147,3,809,159,61,154,-1,-1,-1,-1
147,4,232,162,21,56,-1,-1,-1,-1
147,7,863,161,84,182,-1,-1,-1,-1
147,8,200,161,21,57,-1,-1,-1,-1
147,28,645,168,39,86,-1,-1,-1,-1
147,31,184,161,17,43,-1,-1,-1,-1
147,33,736,158,39,152,-1,-1,-1,-1
147,58,47,157,53,95,-1,-1,-1,-1
147,62,218,170,16,35,-1,-1,-1,-1
147,68,863,155,33,57,-1,-1,-1,-1
148,2,782,162,58,141,-1,-1,-1,-1
148,4,231,162,20,55,-1,-1,-1,-1
148,6,460,179,17,45,-1,-1,-1,-1
148,7,864,162,99,184,-1,-1,-1,-1
148,8,198,161,23,58,-1,-1,-1,-1
148,28,652,167,41,93,-1,-1,-1,-1
148,31,183,160,18,44,-1,-1,-1,-1
148,33,740,159,55,149,-1,-1,-1,-1
148,58,49,157,45,97,-1,-1,-1,-1
148,62,223,170,16,35,-1,-1,-1,-1
148,68,875,155,31,57,-1,-1,-1,-1
148,69,599,175,37,79,-1,-1,-1,-1
148,73,583,177,22,39,-1,-1,-1,-1
149,2,795,160,46,143,-1,-1,-1,-1
149,4,228,163,20,57,-1,-1,-1,-1
149,6,434,180,15,41,-1,-1,-1,-1
149,7,874,153,48,176,-1,-1,-1,-1
149,8,198,161,19,57,-1,-1,-1,-1
149,16,874,159,94,190,-1,-1,-1,-1
149,28,659,166,45,91,-1,-1,-1,-1
149,31,184,160,17,42,-1,-1,-1,-1
149,33,742,162,66,149,-1,-1,-1,-1
149,58,47,156,38,99,-1,-1,-1,-1
149,68,897,153,32,58,-1,-1,-1,-1
150,2,805,158,57,147,-1,-1,-1,-1
150,3,749,160,62,149,-1,-1,-1,-1
150,4,220,163,29,57,-1,-1,-1,-1
150,5,605,187,32,75,-1,-1,-1,-1
150,7,884,157,43,167,-1,-1,-1,-1
150,8,198,160,19,53,-1,-1,-1,-1
150,16,894,162,80,186,-1,-1,-1,-1
150,28,668,166,46,90,-1,-1,-1,-1
150,31,184,160,17,41,-1,-1,-1,-1
150,33,747,163,72,150,-1,-1,-1,-1
150,58,41,154,35,102,-1,-1,-1,-1
150,68,936,162,25,63,-1,-1,-1,-1
150,69,619,175,36,86,-1,-1,-1,-1
150,73,625,175,29,46,-1,-1,-1,-1
151,2,809,160,72,148,-1,-1,-1,-1
151,3,729,160,63,147,-1,-1,-1,-1
151,4,219,167,27,54,-1,-1,-1,-1
151,5,612,185,30,68,-1,-1,-1,-1
151,7,885,154,69,183,-1,-1,-1,-1
151,8,197,161,15,59,-1,-1,-1,-1
151,16,900,159,94,189,-1,-1,-1,-1
151,28,677,166,42,96,-1,-1,-1,-1
151,31,185,160,16,40,-1,-1,-1,-1
151,33,767,158,46,150,-1,-1,-1,-1
151,58,34,155,39,102,-1,-1,-1,-1
151,68,959,162,26,63,-1,-1,-1,-1
152,1,886,156,69,167,-1,-1,-1,-1
152,2,811,161,81,151,-1,-1,-1,-1
152,4,221,164,22,57,-1,-1,-1,-1
152,5,597,186,28,61,-1,-1,-1,-1
152,7,891,153,75,185,-1,-1,-1,-1
152,8,193,162,20,59,-1,-1,-1,-1
152,16,928,160,80,196,-1,-1,-1,-1
152,28,689,166,44,98,-1,-1,-1,-1
152,31,184,160,18,40,-1,-1,-1,-1
152,33,787,156,39,156,-1,-1,-1,-1
153,1,893,155,75,166,-1,-1,-1,-1
153,2,825,160,70,154,-1,-1,-1,-1
153,4,219,163,22,59,-1,-1,-1,-1
153,6,105,182,18,28,-1,-1,-1,-1
153,8,188,167,21,53,-1,-1,-1,-1
153,16,935,162,101,195,-1,-1,-1,-1
153,28,699,165,50,100,-1,-1,-1,-1
153,33,791,157,58,159,-1,-1,-1,-1
153,58,18,157,44,103,-1,-1,-1,-1
153,62,203,174,15,45,-1,-1,-1,-1
153,69,636,175,49,90,-1,-1,-1,-1
154,1,915,153,68,170,-1,-1,-1,-1
154,2,840,159,52,154,-1,-1,-1,-1
154,4,218,162,20,60,-1,-1,-1,-1
154,5,643,185,28,58,-1,-1,-1,-1
154,6,49,183,16,24,-1,-1,-1,-1
154,8,183,163,25,58,-1,-1,-1,-1
154,16,941,160,100,202,-1,-1,-1,-1
154,28,710,166,53,99,-1,-1,-1,-1
154,33,796,160,68,159,-1,-1,-1,-1
154,58,14,157,39,105,-1,-1,-1,-1
154,62,204,174,16,47,-1,-1,-1,-1
155,1,909,151,70,170,-1,-1,-1,-1
155,2,852,159,40,153,-1,-1,-1,-1
155,4,216,162,22,61,-1,-1,-1,-1
155,5,671,174,33,55,-1,-1,-1,-1
155,7,944,152,48,171,-1,-1,-1,-1
155,8,182,167,27,55,-1,-1,-1,-1
155,16,955,157,90,205,-1,-1,-1,-1
155,28,722,166,48,99,-1,-1,-1,-1
155,33,794,161,82,162,-1,-1,-1,-1
155,58,6,154,38,104,-1,-1,-1,-1
155,69,652,176,53,93,-1,-1,-1,-1
156,2,861,159,58,154,-1,-1,-1,-1
156,4,212,163,25,61,-1,-1,-1,-1
156,5,684,175,29,51,-1,-1,-1,-1
156,7,951,153,50,174,-1,-1,-1,-1
156,8,183,167,25,54,-1,-1,-1,-1
156,16,985,159,65,203,-1,-1,-1,-1
156,28,734,165,49,99,-1,-1,-1,-1
156,33,805,159,72,163,-1,-1,-1,-1
156,58,0,152,37,110,-1,-1,-1,-1
156,69,664,174,50,92,-1,-1,-1,-1
156,73,429,178,18,56,-1,-1,-1,-1
156,81,105,183,19,27,-1,-1,-1,-1
157,2,867,161,77,155,-1,-1,-1,-1
157,4,209,163,26,61,-1,-1,-1,-1
157,5,691,174,31,50,-1,-1,-1,-1
157,7,954,155,61,173,-1,-1,-1,-1
157,8,178,161,25,60,-1,-1,-1,-1
157,16,1003,159,73,203,-1,-1,-1,-1
157,28,750,162,50,102,-1,-1,-1,-1
157,33,831,157,49,165,-1,-1,-1,-1
157,58,0,155,36,105,-1,-1,-1,-1
157,62,196,169,16,50,-1,-1,-1,-1
157,69,669,173,54,94,-1,-1,-1,-1
157,73,424,185,18,54,-1,-1,-1,-1
158,1,955,156,75,173,-1,-1,-1,-1
158,2,880,162,66,156,-1,-1,-1,-1
158,4,209,163,23,61,-1,-1,-1,-1
158,5,705,172,30,53,-1,-1,-1,-1
158,7,961,155,66,172,-1,-1,-1,-1
158,8,175,158,26,63,-1,-1,-1,-1
158,16,1005,162,114,201,-1,-1,-1,-1
158,28,763,161,53,104,-1,-1,-1,-1
158,31,197,169,15,34,-1,-1,-1,-1
158,33,844,157,46,167,-1,-1,-1,-1
158,58,0,159,31,102,-1,-1,-1,-1
159,1,973,153,69,178,-1,-1,-1,-1
159,2,894,160,55,156,-1,-1,-1,-1
159,3,692,171,56,107,-1,-1,-1,-1
159,4,208,162,24,62,-1,-1,-1,-1
159,5,707,171,29,50,-1,-1,-1,-1
159,8,172,158,28,65,-1,-1,-1,-1
159,16,1010,161,120,206,-1,-1,-1,-1
159,28,777,160,64,105,-1,-1,-1,-1
159,31,197,170,14,33,-1,-1,-1,-1
159,33,847,158,75,172,-1,-1,-1,-1
159,58,0,169,20,94,-1,-1,-1,-1
160,1,976,152,71,179,-1,-1,-1,-1
160,2,909,160,52,156,-1,-1,-1,-1
160,3,683,172,55,102,-1,-1,-1,-1
160,4,208,161,21,62,-1,-1,-1,-1
160,7,1002,150,55,191,-1,-1,-1,-1
160,8,172,157,25,67,-1,-1,-1,-1
160,16,1028,158,104,214,-1,-1,-1,-1
160,25,405,175,26,65,-1,-1,-1,-1
160,28,799,160,63,105,-1,-1,-1,-1
160,31,198,171,13,32,-1,-1,-1,-1
161,2,920,160,60,160,-1,-1,-1,-1
161,4,199,161,31,63,-1,-1,-1,-1
161,7,1015,150,62,191,-1,-1,-1,-1
161,8,169,159,27,64,-1,-1,-1,-1
161,16,1058,157,90,216,-1,-1,-1,-1
161,25,403,171,21,67,-1,-1,-1,-1
161,28,817,158,66,112,-1,-1,-1,-1
161,33,860,159,81,173,-1,-1,-1,-1
161,62,198,167,15,54,-1,-1,-1,-1
162,1,924,159,72,171,-1,-1,-1,-1
162,2,928,159,64,163,-1,-1,-1,-1
162,4,199,162,29,62,-1,-1,-1,-1
162,7,1018,149,80,194,-1,-1,-1,-1
162,8,167,159,26,63,-1,-1,-1,-1
162,16,1083,156,69,218,-1,-1,-1,-1
162,25,392,174,27,67,-1,-1,-1,-1
162,28,839,156,62,109,-1,-1,-1,-1
162,33,884,157,56,173,-1,-1,-1,-1
163,1,922,160,72,169,-1,-1,-1,-1
163,2,937,166,69,165,-1,-1,-1,-1
163,4,198,160,25,64,-1,-1,-1,-1
163,7,1018,149,96,196,-1,-1,-1,-1
163,8,166,160,25,63,-1,-1,-1,-1
163,16,1090,155,112,222,-1,-1,-1,-1
163,25,375,172,29,65,-1,-1,-1,-1
163,28,859,157,54,106,-1,-1,-1,-1
163,33,907,154,49,178,-1,-1,-1,-1
164,2,952,164,57,165,-1,-1,-1,-1
164,4,196,162,26,62,-1,-1,-1,-1
164,7,1021,153,104,190,-1,-1,-1,-1
164,8,166,158,22,65,-1,-1,-1,-1
164,16,1088,158,143,220,-1,-1,-1,-1
164,25,385,175,21,70,-1,-1,-1,-1
164,28,881,158,48,124,-1,-1,-1,-1
164,33,913,156,67,179,-1,-1,-1,-1
164,68,924,237,57,100,-1,-1,-1,-1
164,69,744,172,61,109,-1,-1,-1,-1
165,2,961,164,59,166,-1,-1,-1,-1
165,3,904,159,46,89,-1,-1,-1,-1
165,4,195,161,21,63,-1,-1,-1,-1
165,7,1039,152,91,193,-1,-1,-1,-1
165,8,162,158,24,66,-1,-1,-1,-1
165,16,1097,158,127,220,-1,-1,-1,-1
165,25,374,175,24,71,-1,-1,-1,-1
165,28,969,165,52,136,-1,-1,-1,-1
165,33,913,160,101,178,-1,-1,-1,-1
166,1,983,162,60,161,-1,-1,-1,-1
166,3,920,158,45,86,-1,-1,-1,-1
166,4,190,161,23,64,-1,-1,-1,-1
166,7,1070,150,77,197,-1,-1,-1,-1
166,8,155,159,30,65,-1,-1,-1,-1
166,16,1123,157,102,221,-1,-1,-1,-1
166,25,355,176,36,70,-1,-1,-1,-1
166,28,990,165,52,139,-1,-1,-1,-1
167,1,988,163,60,159,-1,-1,-1,-1
167,2,997,165,76,164,-1,-1,-1,-1
167,4,188,161,22,64,-1,-1,-1,-1
167,7,1099,150,61,205,-1,-1,-1,-1
167,8,153,159,28,66,-1,-1,-1,-1
167,16,1167,156,74,222,-1,-1,-1,-1
167,25,343,176,37,69,-1,-1,-1,-1
167,33,933,154,84,191,-1,-1,-1,-1
168,2,979,165,101,170,-1,-1,-1,-1
168,4,187,162,21,64,-1,-1,-1,-1
168,7,1103,150,92,208,-1,-1,-1,-1
168,8,153,159,28,67,-1,-1,-1,-1
168,16,1186,156,61,221,-1,-1,-1,-1
168,33,970,153,49,189,-1,-1,-1,-1
168,69,799,173,66,123,-1,-1,-1,-1
168,73,346,170,27,86,-1,-1,-1,-1
169,2,1024,159,74,175,-1,-1,-1,-1
169,4,185,159,25,67,-1,-1,-1,-1
169,7,1104,153,102,208,-1,-1,-1,-1
169,8,152,158,26,66,-1,-1,-1,-1
169,16,1187,156,60,221,-1,-1,-1,-1
169,25,325,174,35,81,-1,-1,-1,-1
169,33,981,153,56,196,-1,-1,-1,-1
169,69,812,169,70,132,-1,-1,-1,-1
170,1,1070,157,62,144,-1,-1,-1,-1
170,2,1035,158,78,178,-1,-1,-1,-1
170,4,183,158,23,68,-1,-1,-1,-1
170,7,1109,155,115,213,-1,-1,-1,-1
170,8,149,157,27,68,-1,-1,-1,-1
170,16,1198,156,49,221,-1,-1,-1,-1
170,25,310,173,42,82,-1,-1,-1,-1
170,28,1039,158,47,157,-1,-1,-1,-1
171,1,1082,157,60,141,-1,-1,-1,-1
171,3,1091,158,74,77,-1,-1,-1,-1
171,4,180,156,22,70,-1,-1,-1,-1
171,7,1136,153,88,210,-1,-1,-1,-1
171,8,144,156,28,69,-1,-1,-1,-1
171,25,298,173,44,82,-1,-1,-1,-1
171,28,1054,157,58,152,-1,-1,-1,-1
171,33,981,160,120,202,-1,-1,-1,-1
172,3,1125,156,64,76,-1,-1,-1,-1
172,4,170,155,32,72,-1,-1,-1,-1
172,7,1176,150,69,216,-1,-1,-1,-1
172,8,139,161,31,65,-1,-1,-1,-1
172,28,1099,156,89,162,-1,-1,-1,-1
172,33,986,160,118,203,-1,-1,-1,-1
172,69,851,168,79,134,-1,-1,-1,-1
172,73,277,172,48,103,-1,-1,-1,-1
173,2,1026,152,130,208,-1,-1,-1,-1
173,3,1147,155,66,74,-1,-1,-1,-1
173,4,167,161,33,67,-1,-1,-1,-1
173,7,1179,154,68,219,-1,-1,-1,-1
173,8,137,161,30,65,-1,-1,-1,-1
173,28,1119,155,94,166,-1,-1,-1,-1
173,31,199,172,14,30,-1,-1,-1,-1
174,2,1057,151,97,211,-1,-1,-1,-1
174,4,167,161,30,66,-1,-1,-1,-1
174,5,855,184,32,71,-1,-1,-1,-1
174,7,1191,155,56,221,-1,-1,-1,-1
174,8,135,160,29,64,-1,-1,-1,-1
174,16,1184,154,63,210,-1,-1,-1,-1
174,31,199,172,15,30,-1,-1,-1,-1
175,2,1066,151,102,214,-1,-1,-1,-1
175,4,165,159,26,69,-1,-1,-1,-1
175,5,864,184,31,73,-1,-1,-1,-1
175,8,134,160,26,65,-1,-1,-1,-1
175,16,1191,154,56,209,-1,-1,-1,-1
175,28,1188,180,59,186,-1,-1,-1,-1
175,33,1061,153,100,211,-1,-1,-1,-1
176,2,1067,156,123,216,-1,-1,-1,-1
176,4,159,159,26,68,-1,-1,-1,-1
176,8,132,158,23,66,-1,-1,-1,-1
176,28,1210,183,37,190,-1,-1,-1,-1
176,33,1072,152,109,214,-1,-1,-1,-1
176,62,182,158,16,45,-1,-1,-1,-1
177,2,1075,156,130,220,-1,-1,-1,-1
177,4,155,161,28,67,-1,-1,-1,-1
177,8,128,155,23,71,-1,-1,-1,-1
177,33,1070,155,136,216,-1,-1,-1,-1
177,68,1217,255,30,120,-1,-1,-1,-1
178,1,1165,259,40,112,-1,-1,-1,-1
178,2,1092,154,151,217,-1,-1,-1,-1
178,3,923,183,25,46,-1,-1,-1,-1
178,4,151,162,29,67,-1,-1,-1,-1
178,8,117,157,34,69,-1,-1,-1,-1
178,25,165,187,42,116,-1,-1,-1,-1
178,31,153,160,19,29,-1,-1,-1,-1
178,33,1078,155,149,219,-1,-1,-1,-1
178,62,151,161,23,48,-1,-1,-1,-1
179,1,1177,268,38,108,-1,-1,-1,-1
179,2,1142,151,104,222,-1,-1,-1,-1
179,3,921,185,22,42,-1,-1,-1,-1
179,8,112,157,36,69,-1,-1,-1,-1
179,25,148,188,44,119,-1,-1,-1,-1
179,31,148,159,19,28,-1,-1,-1,-1
180,2,1154,150,93,225,-1,-1,-1,-1
180,4,148,159,29,68,-1,-1,-1,-1
180,5,947,183,33,68,-1,-1,-1,-1
180,8,117,157,29,68,-1,-1,-1,-1
180,16,1018,166,92,130,-1,-1,-1,-1
180,33,1163,151,84,218,-1,-1,-1,-1
180,62,146,161,30,45,-1,-1,-1,-1
180,69,1008,166,86,133,-1,-1,-1,-1
181,4,145,159,25,71,-1,-1,-1,-1
181,5,959,183,33,69,-1,-1,-1,-1
181,8,112,155,28,75,-1,-1,-1,-1
181,16,1053,169,85,123,-1,-1,-1,-1
181,28,1165,154,82,217,-1,-1,-1,-1
181,33,1177,150,70,220,-1,-1,-1,-1
182,2,1165,153,82,217,-1,-1,-1,-1
182,4,141,158,27,72,-1,-1,-1,-1
182,8,105,154,31,76,-1,-1,-1,-1
182,16,1050,171,84,115,-1,-1,-1,-1
182,28,1174,153,73,222,-1,-1,-1,-1
182,62,186,159,15,46,-1,-1,-1,-1
182,69,1078,168,90,139,-1,-1,-1,-1
183,2,1176,153,71,218,-1,-1,-1,-1
183,4,131,157,36,74,-1,-1,-1,-1
183,8,100,154,32,76,-1,-1,-1,-1
183,28,1182,176,65,196,-1,-1,-1,-1
183,62,186,159,15,45,-1,-1,-1,-1
183,69,1105,167,97,145,-1,-1,-1,-1
184,3,435,171,13,27,-1,-1,-1,-1
184,4,128,159,36,73,-1,-1,-1,-1
184,5,1014,189,34,59,-1,-1,-1,-1
184,8,92,156,36,74,-1,-1,-1,-1
184,28,1192,178,55,197,-1,-1,-1,-1
184,62,187,159,14,45,-1,-1,-1,-1
184,68,1203,244,44,127,-1,-1,-1,-1
185,2,1173,168,74,161,-1,-1,-1,-1
185,3,383,170,11,25,-1,-1,-1,-1
185,4,130,157,30,75,-1,-1,-1,-1
186,2,1182,170,65,156,-1,-1,-1,-1
186,4,126,157,29,76,-1,-1,-1,-1
186,8,85,157,32,74,-1,-1,-1,-1
187,4,122,157,28,76,-1,-1,-1,-1
187,8,81,157,29,73,-1,-1,-1,-1
187,69,1231,188,16,135,-1,-1,-1,-1
188,4,116,158,32,76,-1,-1,-1,-1
188,8,78,157,28,72,-1,-1,-1,-1
189,4,113,158,33,75,-1,-1,-1,-1
189,8,68,155,34,77,-1,-1,-1,-1
190,4,110,159,33,74,-1,-1,-1,-1
190,8,55,156,47,75,-1,-1,-1,-1
190,16,433,171,14,28,-1,-1,-1,-1
191,1,1129,189,35,65,-1,-1,-1,-1
191,4,108,158,31,76,-1,-1,-1,-1
191,7,432,171,13,29,-1,-1,-1,-1
191,8,54,154,47,78,-1,-1,-1,-1
192,1,1129,186,34,62,-1,-1,-1,-1
192,4,106,156,30,78,-1,-1,-1,-1
192,5,1142,189,33,43,-1,-1,-1,-1
192,7,432,172,12,26,-1,-1,-1,-1
193,1,1162,192,31,62,-1,-1,-1,-1
193,4,100,157,34,78,-1,-1,-1,-1
193,5,1158,190,31,40,-1,-1,-1,-1
193,7,433,173,11,28,-1,-1,-1,-1
194,1,1173,193,26,62,-1,-1,-1,-1
194,4,87,157,43,78,-1,-1,-1,-1
194,7,432,172,12,30,-1,-1,-1,-1
194,8,43,151,35,83,-1,-1,-1,-1
195,1,1177,193,26,60,-1,-1,-1,-1
195,4,88,158,39,77,-1,-1,-1,-1
195,7,431,171,14,30,-1,-1,-1,-1
196,4,86,157,37,78,-1,-1,-1,-1
196,7,432,171,13,29,-1,-1,-1,-1
196,8,27,153,43,82,-1,-1,-1,-1
197,4,81,155,35,80,-1,-1,-1,-1
197,7,430,171,15,31,-1,-1,-1,-1
197,8,28,153,37,81,-1,-1,-1,-1
198,4,77,156,32,80,-1,-1,-1,-1
198,7,430,171,15,31,-1,-1,-1,-1
198,8,26,155,33,80,-1,-1,-1,-1
199,4,72,156,34,81,-1,-1,-1,-1
199,7,427,170,14,31,-1,-1,-1,-1
199,8,22,153,30,79,-1,-1,-1,-1
200,4,68,157,36,80,-1,-1,-1,-1
200,8,18,151,27,81,-1,-1,-1,-1
200,25,0,168,10,71,-1,-1,-1,-1
200,81,106,182,16,27,-1,-1,-1,-1
201,4,65,157,37,82,-1,-1,-1,-1
201,7,429,171,14,31,-1,-1,-1,-1
201,8,16,164,28,70,-1,-1,-1,-1
201,25,0,167,1,69,-1,-1,-1,-1
201,31,0,152,20,39,-1,-1,-1,-1
202,4,60,155,36,84,-1,-1,-1,-1
202,7,429,171,14,32,-1,-1,-1,-1
202,8,12,166,28,68,-1,-1,-1,-1
203,4,60,155,32,85,-1,-1,-1,-1
203,7,429,171,14,32,-1,-1,-1,-1
203,58,1,157,43,94,-1,-1,-1,-1
204,4,52,155,37,84,-1,-1,-1,-1
204,7,429,171,14,32,-1,-1,-1,-1
204,58,9,166,36,85,-1,-1,-1,-1
204,68,0,148,17,91,-1,-1,-1,-1
205,2,0,154,19,84,-1,-1,-1,-1
205,4,41,155,44,85,-1,-1,-1,-1
205,7,428,170,15,32,-1,-1,-1,-1
205,58,20,156,31,93,-1,-1,-1,-1
205,62,207,174,24,30,-1,-1,-1,-1
206,2,0,155,14,82,-1,-1,-1,-1
206,4,45,155,37,87,-1,-1,-1,-1
206,7,427,170,16,32,-1,-1,-1,-1
206,58,25,156,36,95,-1,-1,-1,-1
206,62,208,175,22,28,-1,-1,-1,-1
206,81,105,183,18,26,-1,-1,-1,-1
207,2,0,159,13,75,-1,-1,-1,-1
207,4,41,155,38,88,-1,-1,-1,-1
207,7,427,171,16,32,-1,-1,-1,-1
207,58,27,157,51,93,-1,-1,-1,-1
207,62,208,175,22,28,-1,-1,-1,-1
208,2,0,160,11,70,-1,-1,-1,-1
208,4,56,158,24,88,-1,-1,-1,-1
208,7,427,169,14,32,-1,-1,-1,-1
208,28,1175,167,72,167,-1,-1,-1,-1
208,58,29,154,45,95,-1,-1,-1,-1
208,62,207,174,24,29,-1,-1,-1,-1
209,4,43,159,39,89,-1,-1,-1,-1
209,7,427,171,15,32,-1,-1,-1,-1
209,28,1174,166,73,166,-1,-1,-1,-1
209,33,27,153,28,93,-1,-1,-1,-1
