3,1,429,181,82,143,-1,-1,-1,-1
3,2,220,177,101,184,-1,-1,-1,-1
3,3,139,196,94,142,-1,-1,-1,-1
3,4,102,179,49,171,-1,-1,-1,-1
3,5,55,190,79,171,-1,-1,-1,-1
3,6,0,211,40,142,-1,-1,-1,-1
4,1,429,180,84,146,-1,-1,-1,-1
4,2,223,175,101,185,-1,-1,-1,-1
4,3,143,195,90,141,-1,-1,-1,-1
4,4,109,179,43,165,-1,-1,-1,-1
4,5,54,188,98,173,-1,-1,-1,-1
4,6,0,207,41,146,-1,-1,-1,-1
5,1,430,180,89,146,-1,-1,-1,-1
5,2,225,178,108,183,-1,-1,-1,-1
5,3,149,191,90,143,-1,-1,-1,-1
5,4,113,180,48,162,-1,-1,-1,-1
5,5,55,192,105,168,-1,-1,-1,-1
5,6,0,165,42,189,-1,-1,-1,-1
6,1,434,184,84,141,-1,-1,-1,-1
6,2,229,178,109,181,-1,-1,-1,-1
6,3,159,190,81,144,-1,-1,-1,-1
6,4,117,181,48,169,-1,-1,-1,-1
6,5,56,194,108,166,-1,-1,-1,-1
6,6,0,167,42,188,-1,-1,-1,-1
7,1,443,182,77,142,-1,-1,-1,-1
7,2,234,179,108,179,-1,-1,-1,-1
7,3,170,193,73,139,-1,-1,-1,-1
7,4,125,180,55,170,-1,-1,-1,-1
7,5,59,193,107,167,-1,-1,-1,-1
7,6,0,183,42,172,-1,-1,-1,-1
8,1,451,181,70,143,-1,-1,-1,-1
8,2,244,178,98,180,-1,-1,-1,-1
8,3,181,193,61,137,-1,-1,-1,-1
8,4,131,180,62,171,-1,-1,-1,-1
8,5,70,191,96,168,-1,-1,-1,-1
8,6,0,186,42,168,-1,-1,-1,-1
9,1,462,181,58,143,-1,-1,-1,-1
9,2,247,177,101,181,-1,-1,-1,-1
9,3,196,186,47,144,-1,-1,-1,-1
9,4,137,187,63,165,-1,-1,-1,-1
9,5,108,190,59,168,-1,-1,-1,-1
9,6,0,184,43,171,-1,-1,-1,-1
10,1,471,179,50,145,-1,-1,-1,-1
10,2,248,177,101,180,-1,-1,-1,-1
10,3,207,184,41,146,-1,-1,-1,-1
10,4,145,188,57,164,-1,-1,-1,-1
10,5,100,189,69,168,-1,-1,-1,-1
10,6,0,183,46,172,-1,-1,-1,-1
11,1,483,178,42,146,-1,-1,-1,-1
11,2,255,177,91,180,-1,-1,-1,-1
11,3,208,183,48,148,-1,-1,-1,-1
11,4,150,187,54,166,-1,-1,-1,-1
11,5,108,187,61,170,-1,-1,-1,-1
11,6,0,183,48,171,-1,-1,-1,-1
12,1,486,178,44,146,-1,-1,-1,-1
12,2,263,172,92,185,-1,-1,-1,-1
12,3,210,185,58,147,-1,-1,-1,-1
12,4,146,185,61,168,-1,-1,-1,-1
12,5,110,183,62,173,-1,-1,-1,-1
12,6,2,183,50,170,-1,-1,-1,-1
13,1,491,177,45,147,-1,-1,-1,-1
13,2,275,173,81,184,-1,-1,-1,-1
13,3,215,187,71,145,-1,-1,-1,-1
13,4,160,188,46,163,-1,-1,-1,-1
13,5,123,180,58,176,-1,-1,-1,-1
13,6,1,182,55,172,-1,-1,-1,-1
14,1,494,177,51,147,-1,-1,-1,-1
14,2,296,173,64,183,-1,-1,-1,-1
14,3,216,186,89,145,-1,-1,-1,-1
14,4,166,188,46,163,-1,-1,-1,-1
14,5,133,180,72,178,-1,-1,-1,-1
15,1,494,177,65,147,-1,-1,-1,-1
15,2,303,172,75,185,-1,-1,-1,-1
15,3,216,188,96,143,-1,-1,-1,-1
15,5,134,178,75,180,-1,-1,-1,-1
15,6,10,183,55,171,-1,-1,-1,-1
16,1,496,178,77,146,-1,-1,-1,-1
16,2,306,171,90,187,-1,-1,-1,-1
16,3,219,189,95,142,-1,-1,-1,-1
16,5,133,177,86,181,-1,-1,-1,-1
16,6,13,182,62,172,-1,-1,-1,-1
17,1,496,179,84,147,-1,-1,-1,-1
17,2,309,172,96,185,-1,-1,-1,-1
17,3,223,188,85,142,-1,-1,-1,-1
17,5,135,177,93,180,-1,-1,-1,-1
17,6,14,182,70,172,-1,-1,-1,-1
18,1,496,179,88,146,-1,-1,-1,-1
18,2,310,173,101,184,-1,-1,-1,-1
18,3,229,187,87,143,-1,-1,-1,-1
18,5,137,176,100,182,-1,-1,-1,-1
18,6,10,184,84,169,-1,-1,-1,-1
19,1,498,180,87,145,-1,-1,-1,-1
19,2,312,173,103,184,-1,-1,-1,-1
19,3,239,189,80,141,-1,-1,-1,-1
19,5,136,174,102,183,-1,-1,-1,-1
19,6,10,183,88,170,-1,-1,-1,-1
19,9,0,186,24,164,-1,-1,-1,-1
20,1,503,180,82,144,-1,-1,-1,-1
20,2,316,175,103,182,-1,-1,-1,-1
20,3,251,191,69,138,-1,-1,-1,-1
20,5,140,188,99,170,-1,-1,-1,-1
20,6,12,183,89,170,-1,-1,-1,-1
20,9,0,183,27,168,-1,-1,-1,-1
21,1,510,179,75,146,-1,-1,-1,-1
21,2,324,175,102,181,-1,-1,-1,-1
21,3,265,188,54,139,-1,-1,-1,-1
21,4,151,189,71,166,-1,-1,-1,-1
21,5,172,189,73,165,-1,-1,-1,-1
21,6,14,183,92,169,-1,-1,-1,-1
21,9,0,182,31,170,-1,-1,-1,-1
22,1,517,178,72,148,-1,-1,-1,-1
22,2,327,173,104,181,-1,-1,-1,-1
22,3,274,183,46,145,-1,-1,-1,-1
22,4,152,189,74,167,-1,-1,-1,-1
22,5,167,189,78,164,-1,-1,-1,-1
22,6,14,184,96,168,-1,-1,-1,-1
22,9,0,182,33,171,-1,-1,-1,-1
22,10,178,177,32,65,-1,-1,-1,-1
23,1,526,178,63,147,-1,-1,-1,-1
23,2,329,173,105,180,-1,-1,-1,-1
23,3,278,183,48,145,-1,-1,-1,-1
23,5,176,187,70,166,-1,-1,-1,-1
23,6,14,185,93,167,-1,-1,-1,-1
23,9,0,181,37,171,-1,-1,-1,-1
24,1,536,177,53,147,-1,-1,-1,-1
24,2,355,172,82,180,-1,-1,-1,-1
24,3,285,187,49,142,-1,-1,-1,-1
24,5,176,184,72,168,-1,-1,-1,-1
24,6,4,184,102,167,-1,-1,-1,-1
24,9,0,181,45,167,-1,-1,-1,-1
25,1,549,176,42,148,-1,-1,-1,-1
25,2,367,171,72,181,-1,-1,-1,-1
25,3,291,183,55,145,-1,-1,-1,-1
25,5,179,181,68,171,-1,-1,-1,-1
25,6,15,184,91,168,-1,-1,-1,-1
25,9,0,181,48,164,-1,-1,-1,-1
26,1,554,175,40,149,-1,-1,-1,-1
26,2,378,170,62,181,-1,-1,-1,-1
26,3,291,192,68,137,-1,-1,-1,-1
26,5,197,180,49,172,-1,-1,-1,-1
26,6,36,185,76,165,-1,-1,-1,-1
26,9,0,182,52,170,-1,-1,-1,-1
27,1,557,175,42,150,-1,-1,-1,-1
27,2,380,170,62,182,-1,-1,-1,-1
27,3,293,186,88,147,-1,-1,-1,-1
27,4,175,177,72,174,-1,-1,-1,-1
27,5,208,181,60,172,-1,-1,-1,-1
27,6,49,183,64,165,-1,-1,-1,-1
27,9,0,181,60,172,-1,-1,-1,-1
28,1,557,179,53,147,-1,-1,-1,-1
28,2,381,170,75,183,-1,-1,-1,-1
28,3,293,188,92,141,-1,-1,-1,-1
28,4,178,178,61,172,-1,-1,-1,-1
28,5,213,182,60,171,-1,-1,-1,-1
28,6,60,183,56,166,-1,-1,-1,-1
28,9,0,183,70,170,-1,-1,-1,-1
29,1,560,178,61,147,-1,-1,-1,-1
29,2,383,171,90,182,-1,-1,-1,-1
29,3,295,188,91,140,-1,-1,-1,-1
29,4,180,179,61,171,-1,-1,-1,-1
29,5,212,183,71,170,-1,-1,-1,-1
29,6,66,182,53,168,-1,-1,-1,-1
29,9,0,183,79,170,-1,-1,-1,-1
29,13,597,202,42,155,-1,-1,-1,-1
30,1,563,177,60,148,-1,-1,-1,-1
30,2,384,170,100,183,-1,-1,-1,-1
30,3,298,188,93,141,-1,-1,-1,-1
30,4,185,180,58,170,-1,-1,-1,-1
30,5,209,183,85,170,-1,-1,-1,-1
30,6,70,182,53,168,-1,-1,-1,-1
30,9,1,183,80,169,-1,-1,-1,-1
30,13,593,169,46,187,-1,-1,-1,-1
31,1,561,180,58,144,-1,-1,-1,-1
31,2,385,170,105,183,-1,-1,-1,-1
31,3,306,192,87,137,-1,-1,-1,-1
31,4,188,180,58,169,-1,-1,-1,-1
31,5,214,183,78,171,-1,-1,-1,-1
31,6,73,183,62,167,-1,-1,-1,-1
31,9,1,183,81,167,-1,-1,-1,-1
31,10,215,175,38,101,-1,-1,-1,-1
31,13,589,165,50,193,-1,-1,-1,-1
32,1,563,172,54,152,-1,-1,-1,-1
32,2,387,172,106,181,-1,-1,-1,-1
32,3,317,188,76,139,-1,-1,-1,-1
32,4,209,175,57,176,-1,-1,-1,-1
32,5,214,185,98,168,-1,-1,-1,-1
32,6,74,183,72,166,-1,-1,-1,-1
32,9,6,183,77,164,-1,-1,-1,-1
32,10,219,175,35,114,-1,-1,-1,-1
32,13,589,164,50,195,-1,-1,-1,-1
33,1,563,199,48,129,-1,-1,-1,-1
33,2,394,173,102,179,-1,-1,-1,-1
33,3,329,181,65,145,-1,-1,-1,-1
33,4,213,172,56,179,-1,-1,-1,-1
33,5,217,186,104,166,-1,-1,-1,-1
33,6,74,185,84,165,-1,-1,-1,-1
33,9,14,181,74,167,-1,-1,-1,-1
33,10,223,175,35,120,-1,-1,-1,-1
33,13,590,160,49,199,-1,-1,-1,-1
34,1,565,202,48,127,-1,-1,-1,-1
34,2,402,173,106,179,-1,-1,-1,-1
34,3,339,180,57,147,-1,-1,-1,-1
34,4,222,171,55,181,-1,-1,-1,-1
34,5,253,187,70,164,-1,-1,-1,-1
34,6,75,186,92,163,-1,-1,-1,-1
34,9,16,179,77,167,-1,-1,-1,-1
34,13,585,159,54,201,-1,-1,-1,-1
35,2,408,172,94,179,-1,-1,-1,-1
35,3,347,181,50,147,-1,-1,-1,-1
35,4,229,171,46,180,-1,-1,-1,-1
35,5,244,187,83,163,-1,-1,-1,-1
35,6,76,186,99,162,-1,-1,-1,-1
35,9,27,177,68,167,-1,-1,-1,-1
35,10,231,171,37,115,-1,-1,-1,-1
35,13,582,159,55,199,-1,-1,-1,-1
35,15,5,190,51,148,-1,-1,-1,-1
36,2,410,173,99,177,-1,-1,-1,-1
36,3,357,181,45,146,-1,-1,-1,-1
36,4,236,173,47,176,-1,-1,-1,-1
36,5,265,186,60,165,-1,-1,-1,-1
36,6,78,187,96,161,-1,-1,-1,-1
36,9,42,176,57,166,-1,-1,-1,-1
36,10,235,173,37,118,-1,-1,-1,-1
36,13,575,159,63,201,-1,-1,-1,-1
36,15,10,190,49,150,-1,-1,-1,-1
37,1,614,178,25,147,-1,-1,-1,-1
37,2,434,171,87,180,-1,-1,-1,-1
37,3,364,182,48,147,-1,-1,-1,-1
37,4,240,173,38,175,-1,-1,-1,-1
37,5,250,181,75,171,-1,-1,-1,-1
37,6,77,185,100,162,-1,-1,-1,-1
37,9,58,175,49,164,-1,-1,-1,-1
37,10,239,172,37,124,-1,-1,-1,-1
37,13,563,158,66,202,-1,-1,-1,-1
37,15,13,189,52,152,-1,-1,-1,-1
38,1,614,177,25,147,-1,-1,-1,-1
38,2,420,171,77,179,-1,-1,-1,-1
38,3,367,183,55,144,-1,-1,-1,-1
38,4,241,173,40,176,-1,-1,-1,-1
38,5,258,182,67,170,-1,-1,-1,-1
38,6,78,183,101,166,-1,-1,-1,-1
38,9,66,175,45,159,-1,-1,-1,-1
38,13,540,159,89,201,-1,-1,-1,-1
38,15,17,187,50,154,-1,-1,-1,-1
39,1,611,176,28,146,-1,-1,-1,-1
39,2,426,170,84,180,-1,-1,-1,-1
39,3,367,182,68,144,-1,-1,-1,-1
39,4,241,173,45,177,-1,-1,-1,-1
39,5,266,179,59,171,-1,-1,-1,-1
39,6,85,186,95,162,-1,-1,-1,-1
39,9,71,175,44,156,-1,-1,-1,-1
39,13,523,162,105,197,-1,-1,-1,-1
39,15,20,186,51,155,-1,-1,-1,-1
40,1,616,184,23,139,-1,-1,-1,-1
40,2,455,169,60,182,-1,-1,-1,-1
40,3,366,184,93,144,-1,-1,-1,-1
40,4,241,175,50,175,-1,-1,-1,-1
40,5,260,177,71,173,-1,-1,-1,-1
40,6,99,183,80,163,-1,-1,-1,-1
40,9,73,177,48,169,-1,-1,-1,-1
40,13,513,163,117,196,-1,-1,-1,-1
40,15,22,186,52,156,-1,-1,-1,-1
41,1,617,187,22,137,-1,-1,-1,-1
41,2,461,169,60,183,-1,-1,-1,-1
41,3,368,183,92,145,-1,-1,-1,-1
41,4,241,176,56,174,-1,-1,-1,-1
41,5,253,173,81,180,-1,-1,-1,-1
41,6,109,182,69,164,-1,-1,-1,-1
41,9,74,177,58,171,-1,-1,-1,-1
41,10,293,177,43,171,-1,-1,-1,-1
41,13,508,164,123,195,-1,-1,-1,-1
41,15,25,186,52,156,-1,-1,-1,-1
42,1,619,190,20,134,-1,-1,-1,-1
42,2,464,169,59,183,-1,-1,-1,-1
42,3,369,183,96,145,-1,-1,-1,-1
42,4,241,176,71,173,-1,-1,-1,-1
42,5,255,172,84,181,-1,-1,-1,-1
42,6,128,180,51,166,-1,-1,-1,-1
42,9,76,177,63,172,-1,-1,-1,-1
42,10,298,177,44,168,-1,-1,-1,-1
42,13,498,164,130,196,-1,-1,-1,-1
43,1,625,207,14,117,-1,-1,-1,-1
43,2,465,168,62,184,-1,-1,-1,-1
43,3,372,182,96,146,-1,-1,-1,-1
43,4,242,176,82,172,-1,-1,-1,-1
43,6,134,180,50,167,-1,-1,-1,-1
43,9,76,180,72,165,-1,-1,-1,-1
43,10,295,180,72,170,-1,-1,-1,-1
43,13,500,164,122,196,-1,-1,-1,-1
43,15,31,189,54,153,-1,-1,-1,-1
44,1,626,207,13,116,-1,-1,-1,-1
44,2,467,168,55,184,-1,-1,-1,-1
44,3,379,183,92,145,-1,-1,-1,-1
44,4,244,176,86,171,-1,-1,-1,-1
44,6,139,181,51,166,-1,-1,-1,-1
44,9,77,179,84,167,-1,-1,-1,-1
44,10,295,181,84,168,-1,-1,-1,-1
44,13,504,163,104,196,-1,-1,-1,-1
44,15,34,191,54,152,-1,-1,-1,-1
45,1,626,209,13,114,-1,-1,-1,-1
45,2,469,172,64,180,-1,-1,-1,-1
45,3,391,185,79,143,-1,-1,-1,-1
45,4,247,176,85,173,-1,-1,-1,-1
45,6,144,180,51,167,-1,-1,-1,-1
45,9,81,178,71,169,-1,-1,-1,-1
45,10,297,183,94,165,-1,-1,-1,-1
45,13,496,161,95,197,-1,-1,-1,-1
45,15,36,192,55,151,-1,-1,-1,-1
46,1,629,211,10,113,-1,-1,-1,-1
46,2,478,165,53,187,-1,-1,-1,-1
46,3,402,185,68,142,-1,-1,-1,-1
46,4,255,174,81,178,-1,-1,-1,-1
46,5,299,185,97,164,-1,-1,-1,-1
46,6,146,181,56,167,-1,-1,-1,-1
46,9,77,177,82,170,-1,-1,-1,-1
46,10,302,184,99,169,-1,-1,-1,-1
47,2,487,160,44,193,-1,-1,-1,-1
47,3,414,184,55,143,-1,-1,-1,-1
47,4,262,174,74,174,-1,-1,-1,-1
47,5,302,184,100,164,-1,-1,-1,-1
47,6,145,182,74,165,-1,-1,-1,-1
47,9,91,177,69,169,-1,-1,-1,-1
47,13,491,167,92,190,-1,-1,-1,-1
47,15,38,192,57,152,-1,-1,-1,-1
48,2,489,162,100,193,-1,-1,-1,-1
48,3,422,183,48,145,-1,-1,-1,-1
48,4,273,173,67,172,-1,-1,-1,-1
48,5,313,182,85,164,-1,-1,-1,-1
48,6,147,183,88,164,-1,-1,-1,-1
48,9,101,177,61,168,-1,-1,-1,-1
48,13,487,159,51,194,-1,-1,-1,-1
48,15,40,190,57,154,-1,-1,-1,-1
49,2,524,169,70,183,-1,-1,-1,-1
49,3,433,183,40,144,-1,-1,-1,-1
49,4,283,171,54,172,-1,-1,-1,-1
49,5,318,181,87,164,-1,-1,-1,-1
49,6,150,180,90,166,-1,-1,-1,-1
49,9,109,174,61,170,-1,-1,-1,-1
49,10,311,181,89,167,-1,-1,-1,-1
49,13,479,158,56,199,-1,-1,-1,-1
50,2,526,168,72,183,-1,-1,-1,-1
50,3,435,180,44,146,-1,-1,-1,-1
50,4,292,171,50,173,-1,-1,-1,-1
50,6,145,182,95,165,-1,-1,-1,-1
50,9,126,172,48,160,-1,-1,-1,-1
50,10,324,181,75,168,-1,-1,-1,-1
50,13,454,158,81,199,-1,-1,-1,-1
50,15,48,185,54,158,-1,-1,-1,-1
51,2,531,166,69,185,-1,-1,-1,-1
51,3,435,184,39,143,-1,-1,-1,-1
51,4,301,170,49,173,-1,-1,-1,-1
51,6,148,182,98,163,-1,-1,-1,-1
51,9,135,173,43,159,-1,-1,-1,-1
51,10,335,180,69,169,-1,-1,-1,-1
51,13,431,159,105,198,-1,-1,-1,-1
51,15,51,183,54,160,-1,-1,-1,-1
52,2,536,166,65,186,-1,-1,-1,-1
52,3,440,184,38,143,-1,-1,-1,-1
52,4,307,169,48,174,-1,-1,-1,-1
52,6,152,182,90,163,-1,-1,-1,-1
52,9,139,173,43,167,-1,-1,-1,-1
52,10,347,178,57,171,-1,-1,-1,-1
52,13,416,161,121,197,-1,-1,-1,-1
52,15,56,182,51,161,-1,-1,-1,-1
53,2,538,167,68,185,-1,-1,-1,-1
53,4,308,170,58,174,-1,-1,-1,-1
53,6,159,183,82,162,-1,-1,-1,-1
53,9,144,172,47,167,-1,-1,-1,-1
53,10,361,178,45,172,-1,-1,-1,-1
53,13,410,162,125,196,-1,-1,-1,-1
53,15,60,182,51,162,-1,-1,-1,-1
54,2,538,167,85,185,-1,-1,-1,-1
54,4,313,169,59,175,-1,-1,-1,-1
54,5,308,171,68,172,-1,-1,-1,-1
54,6,166,181,76,162,-1,-1,-1,-1
54,9,147,174,53,169,-1,-1,-1,-1
54,10,367,175,46,173,-1,-1,-1,-1
54,13,408,162,123,197,-1,-1,-1,-1
54,15,63,182,51,163,-1,-1,-1,-1
55,2,540,168,93,184,-1,-1,-1,-1
55,3,471,185,66,141,-1,-1,-1,-1
55,4,308,170,72,174,-1,-1,-1,-1
55,5,310,169,68,174,-1,-1,-1,-1
55,6,180,180,64,161,-1,-1,-1,-1
55,9,148,173,57,169,-1,-1,-1,-1
55,10,371,175,48,172,-1,-1,-1,-1
55,13,407,163,115,196,-1,-1,-1,-1
56,2,540,170,99,183,-1,-1,-1,-1
56,3,467,184,72,141,-1,-1,-1,-1
56,4,308,175,73,170,-1,-1,-1,-1
56,6,194,179,58,164,-1,-1,-1,-1
56,9,149,174,62,168,-1,-1,-1,-1
56,10,374,176,51,169,-1,-1,-1,-1
56,13,416,163,92,195,-1,-1,-1,-1
56,15,69,186,51,159,-1,-1,-1,-1
57,1,205,175,25,39,-1,-1,-1,-1
57,2,543,171,96,181,-1,-1,-1,-1
57,3,462,182,79,143,-1,-1,-1,-1
57,4,309,176,74,168,-1,-1,-1,-1
57,6,201,178,55,165,-1,-1,-1,-1
57,9,149,175,65,167,-1,-1,-1,-1
57,10,375,176,58,174,-1,-1,-1,-1
57,13,407,161,88,197,-1,-1,-1,-1
57,15,72,188,52,157,-1,-1,-1,-1
58,1,179,174,22,33,-1,-1,-1,-1
58,2,548,171,91,182,-1,-1,-1,-1
58,3,468,183,75,144,-1,-1,-1,-1
58,4,310,173,74,171,-1,-1,-1,-1
58,6,207,177,65,164,-1,-1,-1,-1
58,9,149,175,81,168,-1,-1,-1,-1
58,10,376,173,47,177,-1,-1,-1,-1
58,13,404,159,70,197,-1,-1,-1,-1
59,2,557,172,82,180,-1,-1,-1,-1
59,3,479,183,64,144,-1,-1,-1,-1
59,4,311,172,77,171,-1,-1,-1,-1
59,6,213,178,56,164,-1,-1,-1,-1
59,9,153,175,67,168,-1,-1,-1,-1
59,10,381,172,47,179,-1,-1,-1,-1
59,13,376,158,86,198,-1,-1,-1,-1
60,2,568,172,71,180,-1,-1,-1,-1
60,3,489,183,54,143,-1,-1,-1,-1
60,4,316,172,73,172,-1,-1,-1,-1
60,6,211,177,64,165,-1,-1,-1,-1
60,9,157,175,76,167,-1,-1,-1,-1
60,13,391,158,90,198,-1,-1,-1,-1
60,15,80,186,54,159,-1,-1,-1,-1
61,2,570,171,69,180,-1,-1,-1,-1
61,3,502,181,43,145,-1,-1,-1,-1
61,4,320,171,80,173,-1,-1,-1,-1
61,5,426,180,59,169,-1,-1,-1,-1
61,6,209,178,78,163,-1,-1,-1,-1
61,9,165,174,70,168,-1,-1,-1,-1
61,10,391,169,56,186,-1,-1,-1,-1
61,13,385,158,92,197,-1,-1,-1,-1
62,2,589,172,50,179,-1,-1,-1,-1
62,3,510,180,41,146,-1,-1,-1,-1
62,4,330,172,67,177,-1,-1,-1,-1
62,5,424,180,64,168,-1,-1,-1,-1
62,6,211,178,85,163,-1,-1,-1,-1
62,9,176,171,68,169,-1,-1,-1,-1
62,10,395,168,58,189,-1,-1,-1,-1
62,13,364,166,82,190,-1,-1,-1,-1
62,15,91,184,51,161,-1,-1,-1,-1
63,2,573,172,66,178,-1,-1,-1,-1
63,3,514,180,47,146,-1,-1,-1,-1
63,4,339,172,49,176,-1,-1,-1,-1
63,5,407,180,81,169,-1,-1,-1,-1
63,6,211,177,92,164,-1,-1,-1,-1
63,9,188,171,53,166,-1,-1,-1,-1
63,13,347,165,97,192,-1,-1,-1,-1
63,15,94,182,53,163,-1,-1,-1,-1
64,2,577,170,62,180,-1,-1,-1,-1
64,3,515,179,61,148,-1,-1,-1,-1
64,4,344,172,46,176,-1,-1,-1,-1
64,5,417,178,71,169,-1,-1,-1,-1
64,6,212,177,93,165,-1,-1,-1,-1
64,9,199,172,43,161,-1,-1,-1,-1
64,13,330,166,114,192,-1,-1,-1,-1
64,15,98,181,53,165,-1,-1,-1,-1
65,2,581,174,58,178,-1,-1,-1,-1
65,3,514,180,77,149,-1,-1,-1,-1
65,5,428,176,59,170,-1,-1,-1,-1
65,6,216,177,89,164,-1,-1,-1,-1
65,9,204,170,42,158,-1,-1,-1,-1
65,13,326,167,117,192,-1,-1,-1,-1
65,15,101,181,57,164,-1,-1,-1,-1
66,2,592,177,47,174,-1,-1,-1,-1
66,3,514,182,89,145,-1,-1,-1,-1
66,5,434,175,54,171,-1,-1,-1,-1
66,6,219,176,88,165,-1,-1,-1,-1
66,9,208,171,44,157,-1,-1,-1,-1
66,13,323,168,117,191,-1,-1,-1,-1
66,15,105,182,66,164,-1,-1,-1,-1
67,2,612,189,27,161,-1,-1,-1,-1
67,3,515,186,96,141,-1,-1,-1,-1
67,4,322,170,107,189,-1,-1,-1,-1
67,5,446,174,47,172,-1,-1,-1,-1
67,6,223,175,84,165,-1,-1,-1,-1
67,9,211,171,45,165,-1,-1,-1,-1
67,10,374,170,64,176,-1,-1,-1,-1
67,13,315,169,121,190,-1,-1,-1,-1
67,15,106,183,78,163,-1,-1,-1,-1
67,27,403,185,15,74,-1,-1,-1,-1
68,2,617,202,22,150,-1,-1,-1,-1
68,3,517,187,96,139,-1,-1,-1,-1
68,4,322,169,95,191,-1,-1,-1,-1
68,5,452,173,45,173,-1,-1,-1,-1
68,6,231,176,80,163,-1,-1,-1,-1
68,9,216,171,44,166,-1,-1,-1,-1
68,10,373,169,79,175,-1,-1,-1,-1
68,15,108,183,84,163,-1,-1,-1,-1
68,27,406,183,18,73,-1,-1,-1,-1
69,2,620,208,19,144,-1,-1,-1,-1
69,3,521,185,95,141,-1,-1,-1,-1
69,4,324,166,57,192,-1,-1,-1,-1
69,5,456,175,55,171,-1,-1,-1,-1
69,6,238,172,75,166,-1,-1,-1,-1
69,9,219,171,46,167,-1,-1,-1,-1
69,10,373,169,85,175,-1,-1,-1,-1
69,15,109,180,86,166,-1,-1,-1,-1
69,27,412,187,18,71,-1,-1,-1,-1
70,2,621,207,18,144,-1,-1,-1,-1
70,3,527,186,90,141,-1,-1,-1,-1
70,4,322,165,61,193,-1,-1,-1,-1
70,5,455,176,72,170,-1,-1,-1,-1
70,6,246,173,73,166,-1,-1,-1,-1
70,9,220,172,52,166,-1,-1,-1,-1
70,10,372,169,89,174,-1,-1,-1,-1
70,13,320,163,58,197,-1,-1,-1,-1
70,15,110,186,88,161,-1,-1,-1,-1
70,27,416,188,19,71,-1,-1,-1,-1
71,2,625,210,14,141,-1,-1,-1,-1
71,3,538,185,79,141,-1,-1,-1,-1
71,4,314,166,50,194,-1,-1,-1,-1
71,5,458,177,77,168,-1,-1,-1,-1
71,6,265,173,53,169,-1,-1,-1,-1
71,9,221,172,57,165,-1,-1,-1,-1
71,10,374,170,88,174,-1,-1,-1,-1
72,3,549,184,69,142,-1,-1,-1,-1
72,4,311,166,52,194,-1,-1,-1,-1
72,5,459,178,92,168,-1,-1,-1,-1
72,6,271,178,41,161,-1,-1,-1,-1
72,9,222,172,72,167,-1,-1,-1,-1
72,10,374,170,89,173,-1,-1,-1,-1
72,13,305,162,53,197,-1,-1,-1,-1
73,3,562,180,56,146,-1,-1,-1,-1
73,4,294,164,62,196,-1,-1,-1,-1
73,5,461,179,96,167,-1,-1,-1,-1
73,6,277,170,32,170,-1,-1,-1,-1
73,9,227,172,71,167,-1,-1,-1,-1
73,10,374,171,90,172,-1,-1,-1,-1
73,13,297,162,52,197,-1,-1,-1,-1
74,3,573,179,49,147,-1,-1,-1,-1
74,4,280,163,76,197,-1,-1,-1,-1
74,5,465,180,91,165,-1,-1,-1,-1
74,6,284,170,26,170,-1,-1,-1,-1
74,9,233,169,61,169,-1,-1,-1,-1
74,10,375,172,94,171,-1,-1,-1,-1
75,2,437,178,23,107,-1,-1,-1,-1
75,3,583,180,43,146,-1,-1,-1,-1
75,4,274,163,80,197,-1,-1,-1,-1
75,5,471,179,90,167,-1,-1,-1,-1
75,9,244,168,49,170,-1,-1,-1,-1
75,10,378,173,93,169,-1,-1,-1,-1
75,13,249,164,105,195,-1,-1,-1,-1
76,2,423,177,22,102,-1,-1,-1,-1
76,3,585,179,48,146,-1,-1,-1,-1
76,4,244,164,111,197,-1,-1,-1,-1
76,5,481,178,82,168,-1,-1,-1,-1
76,6,262,167,31,131,-1,-1,-1,-1
76,9,249,167,49,171,-1,-1,-1,-1
77,3,588,179,51,147,-1,-1,-1,-1
77,4,242,170,113,190,-1,-1,-1,-1
77,5,489,178,75,169,-1,-1,-1,-1
77,6,264,166,30,127,-1,-1,-1,-1
77,10,389,171,82,172,-1,-1,-1,-1
78,3,589,182,50,144,-1,-1,-1,-1
78,4,235,167,115,193,-1,-1,-1,-1
78,5,502,176,60,171,-1,-1,-1,-1
78,9,305,172,54,164,-1,-1,-1,-1
78,10,397,170,75,172,-1,-1,-1,-1
78,15,165,179,61,167,-1,-1,-1,-1
79,3,591,185,48,143,-1,-1,-1,-1
79,4,233,167,109,194,-1,-1,-1,-1
79,5,512,174,53,173,-1,-1,-1,-1
79,9,304,173,60,162,-1,-1,-1,-1
79,10,406,171,67,171,-1,-1,-1,-1
79,15,169,180,68,166,-1,-1,-1,-1
79,29,262,169,25,27,-1,-1,-1,-1
80,3,590,189,49,142,-1,-1,-1,-1
80,4,225,166,114,196,-1,-1,-1,-1
80,5,522,175,48,172,-1,-1,-1,-1
80,9,300,172,67,162,-1,-1,-1,-1
80,10,415,170,86,170,-1,-1,-1,-1
80,13,231,165,99,195,-1,-1,-1,-1
81,3,591,193,48,136,-1,-1,-1,-1
81,4,234,166,82,194,-1,-1,-1,-1
81,5,527,174,49,173,-1,-1,-1,-1
81,6,285,169,41,144,-1,-1,-1,-1
81,9,297,172,72,161,-1,-1,-1,-1
81,10,427,170,84,171,-1,-1,-1,-1
81,13,222,166,105,195,-1,-1,-1,-1
81,15,173,182,73,165,-1,-1,-1,-1
82,3,597,193,42,137,-1,-1,-1,-1
82,4,234,166,67,194,-1,-1,-1,-1
82,5,532,174,59,173,-1,-1,-1,-1
82,6,287,168,43,163,-1,-1,-1,-1
82,9,299,173,74,161,-1,-1,-1,-1
82,10,433,171,84,171,-1,-1,-1,-1
82,15,176,183,69,163,-1,-1,-1,-1
82,27,616,267,23,72,-1,-1,-1,-1
83,3,608,187,31,150,-1,-1,-1,-1
83,4,227,165,61,194,-1,-1,-1,-1
83,5,534,176,73,171,-1,-1,-1,-1
83,6,286,169,50,166,-1,-1,-1,-1
83,9,311,173,65,160,-1,-1,-1,-1
83,10,441,170,80,172,-1,-1,-1,-1
83,15,182,183,62,162,-1,-1,-1,-1
83,27,630,272,9,73,-1,-1,-1,-1
84,3,613,185,26,154,-1,-1,-1,-1
84,4,216,165,61,195,-1,-1,-1,-1
84,5,535,177,80,170,-1,-1,-1,-1
84,6,286,172,53,162,-1,-1,-1,-1
84,9,322,173,55,161,-1,-1,-1,-1
84,10,440,171,56,172,-1,-1,-1,-1
84,15,185,183,63,162,-1,-1,-1,-1
85,3,607,183,32,156,-1,-1,-1,-1
85,4,209,164,61,197,-1,-1,-1,-1
85,5,534,178,87,168,-1,-1,-1,-1
85,6,287,171,75,164,-1,-1,-1,-1
85,9,323,172,54,162,-1,-1,-1,-1
85,10,441,172,59,171,-1,-1,-1,-1
85,13,208,165,65,196,-1,-1,-1,-1
86,2,241,179,27,45,-1,-1,-1,-1
86,3,606,182,33,154,-1,-1,-1,-1
86,4,199,172,73,189,-1,-1,-1,-1
86,5,534,181,95,166,-1,-1,-1,-1
86,6,289,170,68,165,-1,-1,-1,-1
86,9,333,173,49,160,-1,-1,-1,-1
86,10,441,173,83,169,-1,-1,-1,-1
86,13,200,164,66,197,-1,-1,-1,-1
87,2,225,180,25,39,-1,-1,-1,-1
87,3,606,182,33,154,-1,-1,-1,-1
87,4,181,175,92,184,-1,-1,-1,-1
87,5,536,183,99,164,-1,-1,-1,-1
87,6,294,172,57,161,-1,-1,-1,-1
87,9,333,172,60,162,-1,-1,-1,-1
87,10,442,175,82,169,-1,-1,-1,-1
87,32,490,182,31,152,-1,-1,-1,-1
88,3,606,182,33,156,-1,-1,-1,-1
88,4,171,177,98,183,-1,-1,-1,-1
88,5,541,182,98,165,-1,-1,-1,-1
88,6,307,169,54,164,-1,-1,-1,-1
88,9,331,168,74,166,-1,-1,-1,-1
88,10,442,173,82,171,-1,-1,-1,-1
88,15,237,177,40,169,-1,-1,-1,-1
88,32,494,182,29,148,-1,-1,-1,-1
89,3,608,182,31,157,-1,-1,-1,-1
89,4,165,175,100,184,-1,-1,-1,-1
89,5,550,181,89,165,-1,-1,-1,-1
89,6,307,169,54,166,-1,-1,-1,-1
89,9,337,167,81,168,-1,-1,-1,-1
89,10,443,172,82,172,-1,-1,-1,-1
89,15,234,176,61,167,-1,-1,-1,-1
89,32,499,182,29,137,-1,-1,-1,-1
90,4,163,181,98,180,-1,-1,-1,-1
90,5,561,178,78,169,-1,-1,-1,-1
90,6,315,169,49,164,-1,-1,-1,-1
90,9,339,167,87,168,-1,-1,-1,-1
90,10,446,173,79,171,-1,-1,-1,-1
90,15,232,177,77,166,-1,-1,-1,-1
90,32,505,181,29,138,-1,-1,-1,-1
91,3,509,179,33,160,-1,-1,-1,-1
91,4,163,176,89,184,-1,-1,-1,-1
91,5,562,179,77,168,-1,-1,-1,-1
91,6,331,168,47,161,-1,-1,-1,-1
91,9,337,166,93,169,-1,-1,-1,-1
91,10,450,172,74,172,-1,-1,-1,-1
91,15,232,178,88,167,-1,-1,-1,-1
91,32,509,181,29,135,-1,-1,-1,-1
92,3,510,179,45,160,-1,-1,-1,-1
92,4,162,174,78,186,-1,-1,-1,-1
92,5,584,177,55,169,-1,-1,-1,-1
92,6,337,167,43,169,-1,-1,-1,-1
92,9,362,167,68,168,-1,-1,-1,-1
92,10,457,171,69,174,-1,-1,-1,-1
92,15,232,180,92,166,-1,-1,-1,-1
93,3,511,180,56,160,-1,-1,-1,-1
93,4,160,172,67,187,-1,-1,-1,-1
93,5,599,176,40,170,-1,-1,-1,-1
93,6,340,165,59,171,-1,-1,-1,-1
93,9,359,166,74,168,-1,-1,-1,-1
93,10,467,171,60,173,-1,-1,-1,-1
93,15,233,180,92,165,-1,-1,-1,-1
93,32,551,186,62,153,-1,-1,-1,-1
94,3,516,181,50,156,-1,-1,-1,-1
94,4,153,170,58,189,-1,-1,-1,-1
94,5,605,176,34,170,-1,-1,-1,-1
94,6,345,166,51,169,-1,-1,-1,-1
94,9,371,167,62,168,-1,-1,-1,-1
94,10,483,170,47,175,-1,-1,-1,-1
94,15,238,179,88,166,-1,-1,-1,-1
94,32,556,186,64,154,-1,-1,-1,-1
95,3,516,183,70,159,-1,-1,-1,-1
95,4,147,169,55,191,-1,-1,-1,-1
95,5,607,187,32,159,-1,-1,-1,-1
95,6,349,167,58,167,-1,-1,-1,-1
95,9,366,167,70,167,-1,-1,-1,-1
95,10,487,171,49,175,-1,-1,-1,-1
95,15,245,178,82,168,-1,-1,-1,-1
95,32,557,187,65,135,-1,-1,-1,-1
96,3,522,183,67,160,-1,-1,-1,-1
96,4,141,169,55,190,-1,-1,-1,-1
96,5,610,191,29,156,-1,-1,-1,-1
96,6,349,168,56,166,-1,-1,-1,-1
96,9,365,168,75,167,-1,-1,-1,-1
96,10,492,171,48,174,-1,-1,-1,-1
96,15,257,175,68,169,-1,-1,-1,-1
96,32,555,190,66,141,-1,-1,-1,-1
97,3,534,183,55,160,-1,-1,-1,-1
97,4,125,169,68,191,-1,-1,-1,-1
97,5,613,195,26,152,-1,-1,-1,-1
97,6,351,169,48,165,-1,-1,-1,-1
97,9,377,170,65,164,-1,-1,-1,-1
97,10,495,169,50,176,-1,-1,-1,-1
97,15,270,173,57,171,-1,-1,-1,-1
97,32,560,189,62,142,-1,-1,-1,-1
98,3,537,183,51,159,-1,-1,-1,-1
98,4,107,171,85,188,-1,-1,-1,-1
98,5,615,200,24,146,-1,-1,-1,-1
98,6,350,170,76,164,-1,-1,-1,-1
98,9,388,172,58,161,-1,-1,-1,-1
98,10,496,170,57,176,-1,-1,-1,-1
98,15,284,172,44,173,-1,-1,-1,-1
98,27,621,200,18,81,-1,-1,-1,-1
99,3,534,182,58,159,-1,-1,-1,-1
99,4,96,172,94,188,-1,-1,-1,-1
99,5,616,208,23,139,-1,-1,-1,-1
99,6,351,170,71,163,-1,-1,-1,-1
99,9,393,170,55,163,-1,-1,-1,-1
99,10,495,171,88,175,-1,-1,-1,-1
99,15,291,172,45,172,-1,-1,-1,-1
100,3,530,178,59,163,-1,-1,-1,-1
100,4,90,173,101,187,-1,-1,-1,-1
100,5,620,211,19,135,-1,-1,-1,-1
100,6,356,171,62,162,-1,-1,-1,-1
100,9,404,170,45,163,-1,-1,-1,-1
100,10,496,172,77,173,-1,-1,-1,-1
100,15,292,172,51,171,-1,-1,-1,-1
101,3,553,178,35,154,-1,-1,-1,-1
101,4,90,174,100,186,-1,-1,-1,-1
101,6,361,171,58,163,-1,-1,-1,-1
101,9,406,170,50,163,-1,-1,-1,-1
101,10,495,173,97,171,-1,-1,-1,-1
101,15,296,173,63,171,-1,-1,-1,-1
101,27,626,252,13,91,-1,-1,-1,-1
102,3,558,178,34,141,-1,-1,-1,-1
102,4,89,175,96,185,-1,-1,-1,-1
102,6,368,170,62,163,-1,-1,-1,-1
102,9,406,170,62,164,-1,-1,-1,-1
102,10,497,174,99,171,-1,-1,-1,-1
102,15,298,173,73,172,-1,-1,-1,-1
103,3,562,180,33,141,-1,-1,-1,-1
103,4,89,175,89,185,-1,-1,-1,-1
103,6,379,169,55,163,-1,-1,-1,-1
103,9,406,171,73,163,-1,-1,-1,-1
103,10,498,174,99,172,-1,-1,-1,-1
103,15,300,174,81,171,-1,-1,-1,-1
104,3,568,180,33,163,-1,-1,-1,-1
104,4,89,174,80,185,-1,-1,-1,-1
104,5,514,184,26,78,-1,-1,-1,-1
104,6,391,169,40,164,-1,-1,-1,-1
104,9,406,171,80,164,-1,-1,-1,-1
104,10,498,174,94,173,-1,-1,-1,-1
104,15,301,175,84,170,-1,-1,-1,-1
105,3,573,180,41,164,-1,-1,-1,-1
105,4,87,173,70,185,-1,-1,-1,-1
105,5,507,184,25,70,-1,-1,-1,-1
105,6,407,170,78,164,-1,-1,-1,-1
105,9,488,185,49,147,-1,-1,-1,-1
105,10,504,174,91,173,-1,-1,-1,-1
105,13,396,167,38,160,-1,-1,-1,-1
106,3,570,185,58,160,-1,-1,-1,-1
106,4,83,172,61,186,-1,-1,-1,-1
106,6,414,170,76,164,-1,-1,-1,-1
106,9,484,188,69,148,-1,-1,-1,-1
106,10,512,173,84,173,-1,-1,-1,-1
106,13,401,167,41,166,-1,-1,-1,-1
106,15,313,175,76,170,-1,-1,-1,-1
107,3,570,185,67,160,-1,-1,-1,-1
107,4,79,172,56,187,-1,-1,-1,-1
107,6,415,171,72,163,-1,-1,-1,-1
107,9,479,190,83,148,-1,-1,-1,-1
107,10,519,172,80,174,-1,-1,-1,-1
107,13,404,167,45,164,-1,-1,-1,-1
107,15,324,174,65,171,-1,-1,-1,-1
108,3,581,184,58,161,-1,-1,-1,-1
108,4,71,173,60,187,-1,-1,-1,-1
108,6,416,172,73,162,-1,-1,-1,-1
108,9,476,190,75,148,-1,-1,-1,-1
108,10,533,170,69,176,-1,-1,-1,-1
108,13,410,168,42,162,-1,-1,-1,-1
108,15,335,172,54,173,-1,-1,-1,-1
109,3,577,183,62,163,-1,-1,-1,-1
109,4,64,176,67,183,-1,-1,-1,-1
109,6,432,171,58,162,-1,-1,-1,-1
109,9,472,190,81,148,-1,-1,-1,-1
109,10,540,169,65,177,-1,-1,-1,-1
109,13,409,168,49,162,-1,-1,-1,-1
109,15,342,171,60,174,-1,-1,-1,-1
110,3,581,182,58,164,-1,-1,-1,-1
110,4,57,177,76,183,-1,-1,-1,-1
110,6,441,172,52,164,-1,-1,-1,-1
110,9,473,189,81,149,-1,-1,-1,-1
110,10,555,168,56,179,-1,-1,-1,-1
110,13,410,168,55,164,-1,-1,-1,-1
110,15,349,170,58,175,-1,-1,-1,-1
111,3,579,183,60,164,-1,-1,-1,-1
111,4,51,178,83,182,-1,-1,-1,-1
111,6,448,174,36,159,-1,-1,-1,-1
111,9,471,188,74,150,-1,-1,-1,-1
111,10,561,168,56,179,-1,-1,-1,-1
111,13,411,168,58,165,-1,-1,-1,-1
111,15,353,169,65,176,-1,-1,-1,-1
112,3,599,183,40,163,-1,-1,-1,-1
112,4,47,180,86,180,-1,-1,-1,-1
112,6,454,174,36,159,-1,-1,-1,-1
112,9,468,188,66,149,-1,-1,-1,-1
112,10,566,167,54,180,-1,-1,-1,-1
112,13,419,170,72,163,-1,-1,-1,-1
113,3,611,181,28,162,-1,-1,-1,-1
113,4,42,181,91,179,-1,-1,-1,-1
113,6,484,187,35,148,-1,-1,-1,-1
113,9,463,186,44,151,-1,-1,-1,-1
113,10,569,167,63,181,-1,-1,-1,-1
113,13,429,171,49,159,-1,-1,-1,-1
113,15,362,173,87,172,-1,-1,-1,-1
114,3,617,180,22,155,-1,-1,-1,-1
114,4,40,182,87,177,-1,-1,-1,-1
114,6,493,189,34,146,-1,-1,-1,-1
114,9,462,183,49,154,-1,-1,-1,-1
114,10,568,170,71,178,-1,-1,-1,-1
114,13,434,173,38,143,-1,-1,-1,-1
114,15,363,174,99,171,-1,-1,-1,-1
115,3,622,180,17,154,-1,-1,-1,-1
115,4,36,181,82,178,-1,-1,-1,-1
115,6,481,176,56,157,-1,-1,-1,-1
115,9,454,184,52,154,-1,-1,-1,-1
115,10,569,170,70,178,-1,-1,-1,-1
115,13,440,180,28,131,-1,-1,-1,-1
115,15,365,173,100,172,-1,-1,-1,-1
116,4,31,180,78,178,-1,-1,-1,-1
116,6,482,176,66,157,-1,-1,-1,-1
116,9,448,173,57,164,-1,-1,-1,-1
116,10,569,171,70,177,-1,-1,-1,-1
116,13,447,182,27,127,-1,-1,-1,-1
117,4,28,180,72,177,-1,-1,-1,-1
117,6,482,176,72,158,-1,-1,-1,-1
117,9,446,172,56,166,-1,-1,-1,-1
117,10,570,172,69,176,-1,-1,-1,-1
117,15,372,173,99,172,-1,-1,-1,-1
118,4,24,176,64,181,-1,-1,-1,-1
118,6,474,177,82,158,-1,-1,-1,-1
118,9,445,184,53,153,-1,-1,-1,-1
118,10,572,172,67,175,-1,-1,-1,-1
118,15,380,172,92,174,-1,-1,-1,-1
119,3,462,166,43,172,-1,-1,-1,-1
119,4,21,176,56,182,-1,-1,-1,-1
119,6,476,177,81,157,-1,-1,-1,-1
119,9,445,185,53,152,-1,-1,-1,-1
119,10,575,171,64,176,-1,-1,-1,-1
120,3,466,165,38,173,-1,-1,-1,-1
120,4,12,175,60,183,-1,-1,-1,-1
120,6,480,176,81,157,-1,-1,-1,-1
120,10,580,170,59,177,-1,-1,-1,-1
120,15,403,170,70,175,-1,-1,-1,-1
121,3,469,166,40,169,-1,-1,-1,-1
121,4,3,175,65,182,-1,-1,-1,-1
121,6,499,176,61,157,-1,-1,-1,-1
121,10,589,170,50,177,-1,-1,-1,-1
121,15,417,168,55,178,-1,-1,-1,-1
122,3,476,167,42,159,-1,-1,-1,-1
122,4,0,178,65,180,-1,-1,-1,-1
122,6,494,174,73,159,-1,-1,-1,-1
122,9,400,181,42,156,-1,-1,-1,-1
122,10,594,170,45,177,-1,-1,-1,-1
122,13,477,167,35,70,-1,-1,-1,-1
122,15,425,167,59,180,-1,-1,-1,-1
123,3,478,169,47,162,-1,-1,-1,-1
123,4,0,182,64,176,-1,-1,-1,-1
123,6,505,172,70,161,-1,-1,-1,-1
123,9,400,188,45,150,-1,-1,-1,-1
123,13,484,167,32,63,-1,-1,-1,-1
123,15,435,167,50,180,-1,-1,-1,-1
124,3,482,172,42,159,-1,-1,-1,-1
124,4,0,185,64,173,-1,-1,-1,-1
124,6,509,170,73,163,-1,-1,-1,-1
124,9,398,187,50,149,-1,-1,-1,-1
124,10,626,177,13,163,-1,-1,-1,-1
124,15,434,167,69,180,-1,-1,-1,-1
125,3,487,171,43,153,-1,-1,-1,-1
125,4,0,184,62,174,-1,-1,-1,-1
125,6,515,174,72,160,-1,-1,-1,-1
125,9,396,186,54,150,-1,-1,-1,-1
125,10,633,178,6,161,-1,-1,-1,-1
126,3,493,173,44,151,-1,-1,-1,-1
126,4,0,184,56,174,-1,-1,-1,-1
126,6,522,173,69,160,-1,-1,-1,-1
126,9,393,185,57,151,-1,-1,-1,-1
126,15,441,170,86,177,-1,-1,-1,-1
127,3,499,172,42,155,-1,-1,-1,-1
127,4,0,182,51,176,-1,-1,-1,-1
127,6,527,170,68,163,-1,-1,-1,-1
127,9,389,184,44,152,-1,-1,-1,-1
127,15,443,171,86,177,-1,-1,-1,-1
128,3,505,170,38,142,-1,-1,-1,-1
128,4,0,182,42,174,-1,-1,-1,-1
128,6,528,170,74,164,-1,-1,-1,-1
128,9,382,183,45,153,-1,-1,-1,-1
128,15,447,170,88,178,-1,-1,-1,-1
129,3,511,172,38,144,-1,-1,-1,-1
129,4,2,182,31,171,-1,-1,-1,-1
129,6,530,172,78,162,-1,-1,-1,-1
129,9,378,182,45,155,-1,-1,-1,-1
129,15,451,170,86,179,-1,-1,-1,-1
130,3,518,173,38,155,-1,-1,-1,-1
130,4,1,186,25,167,-1,-1,-1,-1
130,6,532,173,82,161,-1,-1,-1,-1
130,9,367,184,56,154,-1,-1,-1,-1
130,15,462,171,75,178,-1,-1,-1,-1
131,3,519,173,40,155,-1,-1,-1,-1
131,4,0,191,24,161,-1,-1,-1,-1
131,6,532,174,88,160,-1,-1,-1,-1
131,9,349,187,76,149,-1,-1,-1,-1
131,10,524,168,33,141,-1,-1,-1,-1
132,3,529,169,34,153,-1,-1,-1,-1
132,4,0,193,23,150,-1,-1,-1,-1
132,6,533,173,85,160,-1,-1,-1,-1
132,9,339,188,84,148,-1,-1,-1,-1
132,10,517,167,35,139,-1,-1,-1,-1
133,3,533,169,35,158,-1,-1,-1,-1
133,4,0,185,23,142,-1,-1,-1,-1
133,6,532,172,85,161,-1,-1,-1,-1
133,9,334,189,88,148,-1,-1,-1,-1
133,15,496,166,49,183,-1,-1,-1,-1
134,3,537,167,33,165,-1,-1,-1,-1
134,4,0,185,22,148,-1,-1,-1,-1
134,6,545,174,74,159,-1,-1,-1,-1
134,9,332,191,88,147,-1,-1,-1,-1
134,15,503,165,53,185,-1,-1,-1,-1
135,3,540,167,33,166,-1,-1,-1,-1
135,4,0,185,25,144,-1,-1,-1,-1
135,6,557,176,63,157,-1,-1,-1,-1
135,9,333,191,84,148,-1,-1,-1,-1
135,13,555,170,19,29,-1,-1,-1,-1
136,4,0,186,26,142,-1,-1,-1,-1
136,6,559,172,64,160,-1,-1,-1,-1
136,9,332,190,80,149,-1,-1,-1,-1
136,13,561,170,18,26,-1,-1,-1,-1
137,4,0,186,31,141,-1,-1,-1,-1
137,6,569,171,58,160,-1,-1,-1,-1
137,9,332,189,68,150,-1,-1,-1,-1
137,15,509,170,95,181,-1,-1,-1,-1
138,4,0,185,33,143,-1,-1,-1,-1
138,6,574,172,58,156,-1,-1,-1,-1
138,9,328,188,60,150,-1,-1,-1,-1
138,15,509,171,104,180,-1,-1,-1,-1
139,4,0,184,35,143,-1,-1,-1,-1
139,6,581,173,56,155,-1,-1,-1,-1
139,9,323,186,50,153,-1,-1,-1,-1
139,15,511,171,106,181,-1,-1,-1,-1
140,4,0,184,37,143,-1,-1,-1,-1
140,6,585,177,54,154,-1,-1,-1,-1
140,9,318,185,42,154,-1,-1,-1,-1
140,15,514,173,109,180,-1,-1,-1,-1
141,4,0,183,40,145,-1,-1,-1,-1
141,6,591,180,48,150,-1,-1,-1,-1
141,9,312,184,44,155,-1,-1,-1,-1
141,15,523,172,101,181,-1,-1,-1,-1
142,4,0,183,44,145,-1,-1,-1,-1
142,6,597,181,42,148,-1,-1,-1,-1
142,9,303,185,53,155,-1,-1,-1,-1
142,15,531,171,93,182,-1,-1,-1,-1
143,3,548,168,75,184,-1,-1,-1,-1
143,4,0,182,48,146,-1,-1,-1,-1
143,9,286,186,71,153,-1,-1,-1,-1
143,15,536,171,94,182,-1,-1,-1,-1
144,3,561,168,63,184,-1,-1,-1,-1
144,4,0,183,56,145,-1,-1,-1,-1
144,9,272,188,85,151,-1,-1,-1,-1
144,27,613,189,26,139,-1,-1,-1,-1
145,3,564,167,65,186,-1,-1,-1,-1
145,4,3,184,60,144,-1,-1,-1,-1
145,9,264,190,92,149,-1,-1,-1,-1
146,3,582,165,55,189,-1,-1,-1,-1
146,4,5,185,61,143,-1,-1,-1,-1
146,9,260,191,94,148,-1,-1,-1,-1
147,3,585,164,54,190,-1,-1,-1,-1
147,4,9,185,60,144,-1,-1,-1,-1
147,9,258,190,94,150,-1,-1,-1,-1
148,3,584,166,55,188,-1,-1,-1,-1
148,4,11,184,58,145,-1,-1,-1,-1
148,9,257,192,94,149,-1,-1,-1,-1
149,3,588,170,51,184,-1,-1,-1,-1
149,4,12,184,57,145,-1,-1,-1,-1
149,9,257,191,88,150,-1,-1,-1,-1
150,3,590,174,49,181,-1,-1,-1,-1
150,4,14,184,55,145,-1,-1,-1,-1
150,6,589,210,31,118,-1,-1,-1,-1
150,9,256,191,79,151,-1,-1,-1,-1
151,3,591,175,48,177,-1,-1,-1,-1
151,4,19,184,51,145,-1,-1,-1,-1
151,6,590,213,29,114,-1,-1,-1,-1
152,1,0,182,24,151,-1,-1,-1,-1
152,3,594,176,45,176,-1,-1,-1,-1
152,4,26,182,49,146,-1,-1,-1,-1
152,6,592,225,38,102,-1,-1,-1,-1
152,9,247,189,60,152,-1,-1,-1,-1
153,1,0,182,32,154,-1,-1,-1,-1
153,4,30,180,49,149,-1,-1,-1,-1
153,6,594,228,36,99,-1,-1,-1,-1
153,9,246,188,46,153,-1,-1,-1,-1
154,1,0,188,33,147,-1,-1,-1,-1
154,4,33,179,47,151,-1,-1,-1,-1
154,9,239,187,43,154,-1,-1,-1,-1
154,27,594,183,45,145,-1,-1,-1,-1
155,1,0,184,33,151,-1,-1,-1,-1
155,4,36,179,47,151,-1,-1,-1,-1
155,9,235,186,45,156,-1,-1,-1,-1
155,10,598,198,41,131,-1,-1,-1,-1
156,1,0,184,33,151,-1,-1,-1,-1
156,3,604,198,35,131,-1,-1,-1,-1
156,4,39,180,46,150,-1,-1,-1,-1
156,5,605,285,34,43,-1,-1,-1,-1
156,9,218,187,63,155,-1,-1,-1,-1
157,1,0,184,36,151,-1,-1,-1,-1
157,3,607,200,32,127,-1,-1,-1,-1
157,4,42,179,47,151,-1,-1,-1,-1
157,5,607,285,32,47,-1,-1,-1,-1
158,1,0,181,40,154,-1,-1,-1,-1
158,3,618,212,21,115,-1,-1,-1,-1
158,4,44,180,47,150,-1,-1,-1,-1
158,9,192,190,87,152,-1,-1,-1,-1
159,1,0,179,44,157,-1,-1,-1,-1
159,3,622,216,17,109,-1,-1,-1,-1
159,4,48,181,49,150,-1,-1,-1,-1
159,6,627,222,12,95,-1,-1,-1,-1
160,1,1,177,48,158,-1,-1,-1,-1
160,4,51,182,47,150,-1,-1,-1,-1
160,6,631,223,8,94,-1,-1,-1,-1
161,1,4,176,49,159,-1,-1,-1,-1
161,4,54,183,45,149,-1,-1,-1,-1
161,9,185,195,88,151,-1,-1,-1,-1
162,1,8,176,48,159,-1,-1,-1,-1
162,4,57,183,45,149,-1,-1,-1,-1
162,9,186,194,77,153,-1,-1,-1,-1
163,1,11,177,54,159,-1,-1,-1,-1
163,4,61,181,43,150,-1,-1,-1,-1
163,9,185,192,67,154,-1,-1,-1,-1
164,1,10,179,66,156,-1,-1,-1,-1
164,4,63,180,44,151,-1,-1,-1,-1
164,9,184,192,57,154,-1,-1,-1,-1
165,1,13,180,69,155,-1,-1,-1,-1
165,4,68,178,44,154,-1,-1,-1,-1
165,9,180,192,43,154,-1,-1,-1,-1
166,1,16,180,76,156,-1,-1,-1,-1
166,4,72,176,44,154,-1,-1,-1,-1
166,9,174,191,41,156,-1,-1,-1,-1
167,1,21,181,72,155,-1,-1,-1,-1
167,4,77,176,44,153,-1,-1,-1,-1
167,9,167,191,45,156,-1,-1,-1,-1
168,1,29,181,64,154,-1,-1,-1,-1
168,4,80,177,48,152,-1,-1,-1,-1
168,9,153,192,60,155,-1,-1,-1,-1
169,1,42,179,55,155,-1,-1,-1,-1
169,4,82,177,58,153,-1,-1,-1,-1
169,9,142,193,69,154,-1,-1,-1,-1
170,1,49,176,51,158,-1,-1,-1,-1
170,4,90,180,56,149,-1,-1,-1,-1
170,9,129,196,83,152,-1,-1,-1,-1
171,1,54,175,51,160,-1,-1,-1,-1
171,4,97,181,49,138,-1,-1,-1,-1
171,9,120,197,90,151,-1,-1,-1,-1
172,1,59,174,52,161,-1,-1,-1,-1
172,4,102,182,38,135,-1,-1,-1,-1
172,9,117,198,92,149,-1,-1,-1,-1
173,1,63,173,55,163,-1,-1,-1,-1
173,3,108,180,27,78,-1,-1,-1,-1
173,4,106,182,31,140,-1,-1,-1,-1
173,9,114,197,93,152,-1,-1,-1,-1
174,1,67,173,57,163,-1,-1,-1,-1
174,2,111,181,26,72,-1,-1,-1,-1
174,3,78,178,28,76,-1,-1,-1,-1
174,4,108,179,32,153,-1,-1,-1,-1
175,1,70,174,57,162,-1,-1,-1,-1
175,2,127,177,27,81,-1,-1,-1,-1
175,4,111,179,31,154,-1,-1,-1,-1
176,1,71,176,56,160,-1,-1,-1,-1
176,4,116,181,62,167,-1,-1,-1,-1
177,1,79,180,51,153,-1,-1,-1,-1
177,4,116,179,49,170,-1,-1,-1,-1
178,1,86,180,57,152,-1,-1,-1,-1
178,4,117,177,45,171,-1,-1,-1,-1
178,15,71,180,48,158,-1,-1,-1,-1
179,1,96,180,51,167,-1,-1,-1,-1
179,4,119,177,47,172,-1,-1,-1,-1
179,9,130,179,34,156,-1,-1,-1,-1
180,1,95,191,49,159,-1,-1,-1,-1
180,9,138,177,29,156,-1,-1,-1,-1
181,1,98,193,50,158,-1,-1,-1,-1
181,4,123,176,42,155,-1,-1,-1,-1
181,9,143,175,33,155,-1,-1,-1,-1
182,4,118,176,48,157,-1,-1,-1,-1
182,9,148,175,45,154,-1,-1,-1,-1
182,15,63,196,77,152,-1,-1,-1,-1
183,4,117,174,48,160,-1,-1,-1,-1
183,9,150,175,55,154,-1,-1,-1,-1
183,15,63,198,79,151,-1,-1,-1,-1
184,4,117,172,54,164,-1,-1,-1,-1
184,9,155,177,54,151,-1,-1,-1,-1
184,27,46,196,93,153,-1,-1,-1,-1
185,2,124,171,92,163,-1,-1,-1,-1
185,4,118,171,57,166,-1,-1,-1,-1
186,2,124,169,100,172,-1,-1,-1,-1
186,4,127,171,52,164,-1,-1,-1,-1
186,5,44,201,89,150,-1,-1,-1,-1
187,4,130,172,59,163,-1,-1,-1,-1
187,5,42,201,89,150,-1,-1,-1,-1
187,9,169,176,48,155,-1,-1,-1,-1
188,4,134,172,60,163,-1,-1,-1,-1
188,5,43,203,80,148,-1,-1,-1,-1
188,9,176,177,41,153,-1,-1,-1,-1
188,10,178,176,21,31,-1,-1,-1,-1
189,4,135,173,65,163,-1,-1,-1,-1
189,5,43,201,69,150,-1,-1,-1,-1
189,9,180,177,38,153,-1,-1,-1,-1
190,4,135,174,73,163,-1,-1,-1,-1
190,5,43,197,56,153,-1,-1,-1,-1
190,9,184,175,35,155,-1,-1,-1,-1
191,4,137,174,79,164,-1,-1,-1,-1
191,5,42,197,42,155,-1,-1,-1,-1
191,9,189,172,34,153,-1,-1,-1,-1
192,4,141,174,80,164,-1,-1,-1,-1
192,5,37,200,41,151,-1,-1,-1,-1
192,9,198,171,34,153,-1,-1,-1,-1
193,4,152,173,62,164,-1,-1,-1,-1
193,5,18,199,60,152,-1,-1,-1,-1
193,9,200,172,41,156,-1,-1,-1,-1
194,4,160,172,54,166,-1,-1,-1,-1
194,5,9,197,66,154,-1,-1,-1,-1
194,9,203,173,55,156,-1,-1,-1,-1
195,4,171,171,48,166,-1,-1,-1,-1
195,5,0,197,70,154,-1,-1,-1,-1
195,9,205,173,67,152,-1,-1,-1,-1
196,4,176,169,47,167,-1,-1,-1,-1
196,5,0,200,67,151,-1,-1,-1,-1
196,9,209,175,70,153,-1,-1,-1,-1
197,4,181,167,48,169,-1,-1,-1,-1
197,5,0,200,66,150,-1,-1,-1,-1
197,9,220,178,63,149,-1,-1,-1,-1
198,1,207,178,80,151,-1,-1,-1,-1
198,4,185,168,49,170,-1,-1,-1,-1
198,5,0,201,65,150,-1,-1,-1,-1
199,1,221,177,67,151,-1,-1,-1,-1
199,4,188,168,63,169,-1,-1,-1,-1
199,5,0,203,64,147,-1,-1,-1,-1
200,1,232,180,55,149,-1,-1,-1,-1
200,4,189,169,69,168,-1,-1,-1,-1
200,5,0,204,60,146,-1,-1,-1,-1
201,1,236,176,52,151,-1,-1,-1,-1
201,4,188,171,81,165,-1,-1,-1,-1
201,5,0,203,54,146,-1,-1,-1,-1
